! Profile #17, from [checked] H2O=1079, and O3=fake 
! 
! Fake H2O for P < 100 mb 
! 
! This file last updated July 2000
'P'  43  5 
 1  2  3  5  6 
 45.0 0.0                                                                                 
 1.00000E+03  298.16  2.42900E+19  1.806E+04  3.700E+02  2.500E-02  1.619E-01  1.965E+00
 9.50000E+02  296.27  2.32200E+19  1.599E+04  3.700E+02  2.753E-02  1.637E-01  1.975E+00
 9.20000E+02  295.08  2.25800E+19  1.469E+04  3.700E+02  2.910E-02  1.647E-01  1.979E+00
 8.50000E+02  292.16  2.10700E+19  1.190E+04  3.700E+02  3.300E-02  1.664E-01  1.988E+00
 7.80000E+02  288.62  1.95700E+19  8.541E+03  3.700E+02  3.964E-02  1.673E-01  1.995E+00
 7.00000E+02  284.16  1.78400E+19  4.315E+03  3.700E+02  4.800E-02  1.672E-01  1.996E+00
 6.70000E+02  282.34  1.71900E+19  4.047E+03  3.700E+02  4.982E-02  1.668E-01  1.995E+00
 6.20000E+02  279.11  1.60900E+19  3.571E+03  3.700E+02  5.305E-02  1.658E-01  1.990E+00
 5.70000E+02  275.61  1.49800E+19  3.056E+03  3.700E+02  5.655E-02  1.641E-01  1.980E+00
 5.00000E+02  270.16  1.34000E+19  2.253E+03  3.700E+02  6.200E-02  1.610E-01  1.959E+00
 4.75000E+02  267.63  1.28500E+19  1.937E+03  3.700E+02  7.763E-02  1.597E-01  1.948E+00
 4.30000E+02  262.72  1.18500E+19  1.325E+03  3.700E+02  1.080E-01  1.572E-01  1.925E+00
 4.00000E+02  259.16  1.11800E+19  8.795E+02  3.700E+02  1.300E-01  1.554E-01  1.905E+00
 3.50000E+02  252.20  1.00500E+19  5.949E+02  3.700E+02  1.625E-01  1.526E-01  1.864E+00
 3.00000E+02  244.16  8.89900E+18  2.653E+02  3.700E+02  2.000E-01  1.486E-01  1.810E+00
 2.50000E+02  233.16  7.76600E+18  1.109E+02  3.700E+02  3.000E-01  1.404E-01  1.740E+00
 2.00000E+02  221.16  6.55000E+18  1.447E+01  3.700E+02  5.000E-01  1.191E-01  1.661E+00
 1.50000E+02  210.16  5.16900E+18  6.431E+00  3.700E+02  8.700E-01  6.650E-02  1.603E+00
 1.35000E+02  207.56  4.71100E+18  4.100E+00  3.700E+02  1.086E+00  5.331E-02  1.597E+00
 1.15000E+02  203.61  4.09100E+18  2.600E+00  3.700E+02  1.414E+00  4.134E-02  1.599E+00
 1.00000E+02  200.16  3.61800E+18  2.000E+00  3.700E+02  1.700E+00  3.526E-02  1.607E+00
 8.50000E+01  201.53  3.05500E+18  1.800E+00  3.700E+02  1.928E+00  3.077E-02  1.621E+00
 7.00000E+01  203.16  2.49600E+18  1.800E+00  3.700E+02  2.200E+00  2.702E-02  1.635E+00
 6.00000E+01  206.83  2.10100E+18  1.800E+00  3.700E+02  2.475E+00  2.467E-02  1.633E+00
 5.00000E+01  211.16  1.71500E+18  1.900E+00  3.700E+02  2.800E+00  2.262E-02  1.598E+00
 3.00000E+01  220.16  9.86900E+17  1.800E+00  3.700E+02  3.800E+00  2.102E-02  1.288E+00
 2.50000E+01  221.73  8.16600E+17  1.900E+00  3.700E+02  4.025E+00  2.141E-02  1.187E+00
 2.00000E+01  223.66  6.47700E+17  1.900E+00  3.700E+02  4.300E+00  2.207E-02  1.098E+00
 1.50000E+01  230.67  4.71000E+17  1.800E+00  3.700E+02  4.590E+00  2.292E-02  1.014E+00
 1.00000E+01  240.56  3.01100E+17  1.500E+00  3.700E+02  5.000E+00  2.486E-02  9.170E-01
 7.00000E+00  246.46  2.05700E+17  1.300E+00  3.700E+02  5.100E+00  2.846E-02  8.311E-01
 5.00000E+00  249.36  1.45200E+17  1.700E+00  3.700E+02  4.900E+00  3.334E-02  7.412E-01
 4.00000E+00  254.03  1.14000E+17  2.200E+00  3.700E+02  4.486E+00  3.659E-02  6.786E-01
 3.00000E+00  260.06  8.35500E+16  2.500E+00  3.700E+02  3.952E+00  4.014E-02  6.235E-01
 2.00000E+00  263.86  5.49000E+16  2.800E+00  3.700E+02  3.200E+00  4.590E-02  5.904E-01
 1.50000E+00  268.09  4.05200E+16  3.100E+00  3.700E+02  2.702E+00  5.260E-02  4.015E-01
 1.00000E+00  274.06  2.64300E+16  3.200E+00  3.700E+02  2.000E+00  6.433E-02  2.494E-01
 5.00000E-01  261.46  1.38500E+16  2.900E+00  3.700E+02  1.181E+00  7.307E-02  2.039E-01
 2.00000E-01  248.69  5.82500E+15  2.600E+00  3.700E+02  6.262E-01  9.745E-02  1.685E-01
 1.00000E-01  240.14  3.01600E+15  2.200E+00  3.700E+02  3.895E-01  1.602E-01  1.598E-01
 5.22000E-02  226.74  1.66700E+15  1.800E+00  3.700E+02  3.100E-01  3.050E-01  1.520E-01
 1.05000E-02  205.74  3.69600E+14  1.400E+00  3.678E+02  2.000E-01  1.231E+00  1.638E-01
 1.84000E-03  194.04  6.86800E+13  1.100E+00  3.476E+02  6.400E-01  4.866E+00  1.580E-01
