! TIGR profile number   73 
! Created using makeprof_tigr and database tigr.fdata.new 
! fake O3 
!  
! This file last updated July 2000
'P'  43  5 
 1  2  3  5  6 
  31.550    0.000  297.35  1013.25 
 1.01300E+03  297.35  2.46743E+19  1.745E+04  3.700E+02  2.000E-02  5.897E-01  1.965E+00
 9.55120E+02  295.25  2.34300E+19  1.582E+04  3.700E+02  2.200E-02  5.329E-01  1.967E+00
 9.00330E+02  292.05  2.23279E+19  1.401E+04  3.700E+02  2.500E-02  4.873E-01  1.967E+00
 8.48690E+02  288.55  2.13026E+19  1.297E+04  3.700E+02  2.800E-02  4.503E-01  1.965E+00
 8.00000E+02  286.55  2.02206E+19  7.361E+03  3.700E+02  3.100E-02  4.196E-01  1.961E+00
 7.24780E+02  284.35  1.84611E+19  3.271E+03  3.700E+02  3.400E-02  3.778E-01  1.949E+00
 6.51040E+02  280.15  1.68314E+19  2.430E+03  3.700E+02  3.700E-02  3.402E-01  1.932E+00
 5.84800E+02  276.35  1.53268E+19  2.465E+03  3.700E+02  4.000E-02  3.058E-01  1.911E+00
 5.25000E+02  271.05  1.40286E+19  2.915E+03  3.700E+02  4.400E-02  2.709E-01  1.886E+00
 4.71860E+02  265.45  1.28746E+19  4.416E+03  3.700E+02  4.900E-02  2.346E-01  1.859E+00
 4.23850E+02  261.04  1.17600E+19  3.367E+03  3.700E+02  5.500E-02  1.996E-01  1.830E+00
 3.80730E+02  256.15  1.07653E+19  2.070E+03  3.700E+02  6.000E-02  1.707E-01  1.800E+00
 3.41990E+02  250.75  9.87816E+18  9.201E+02  3.700E+02  7.000E-02  1.499E-01  1.770E+00
 3.07200E+02  243.75  9.12810E+18  4.783E+02  3.700E+02  8.000E-02  1.351E-01  1.741E+00
 2.75950E+02  237.16  8.42738E+18  3.466E+02  3.700E+02  9.500E-02  1.232E-01  1.713E+00
 2.47870E+02  230.64  7.78383E+18  2.512E+02  3.700E+02  1.100E-01  1.119E-01  1.688E+00
 2.22650E+02  224.86  7.17157E+18  1.821E+02  3.700E+02  1.400E-01  1.003E-01  1.664E+00
 2.00000E+02  219.05  6.61288E+18  1.320E+02  3.700E+02  1.700E-01  8.844E-02  1.645E+00
 1.61990E+02  211.75  5.54075E+18  7.012E+01  3.700E+02  3.000E-01  6.536E-02  1.620E+00
 1.31200E+02  205.75  4.61847E+18  3.460E+01  3.700E+02  5.000E-01  4.688E-02  1.617E+00
 1.06270E+02  204.15  3.77021E+18  1.810E+01  3.700E+02  7.500E-01  3.543E-02  1.638E+00
 8.60700E+01  204.35  3.05057E+18  8.900E+00  3.700E+02  1.300E+00  2.616E-02  1.663E+00
 6.97100E+01  206.85  2.44086E+18  4.300E+00  3.700E+02  2.200E+00  1.838E-02  1.663E+00
 5.64600E+01  210.96  1.93841E+18  2.300E+00  3.700E+02  3.100E+00  1.546E-02  1.606E+00
 4.57300E+01  214.64  1.54310E+18  2.600E+00  3.700E+02  4.000E+00  1.459E-02  1.487E+00
 3.70400E+01  217.63  1.23270E+18  3.700E+00  3.700E+02  4.800E+00  1.373E-02  1.353E+00
 2.47900E+01  224.29  8.00516E+17  3.800E+00  3.700E+02  4.500E+00  1.390E-02  1.152E+00
 1.66000E+01  229.04  5.24929E+17  2.800E+00  3.700E+02  4.300E+00  1.728E-02  1.032E+00
 1.11100E+01  234.23  3.43538E+17  2.200E+00  3.700E+02  4.100E+00  2.203E-02  9.598E-01
 7.43000E+00  240.87  2.23414E+17  2.700E+00  3.700E+02  4.100E+00  2.659E-02  9.010E-01
 4.98000E+00  247.94  1.45474E+17  3.700E+00  3.700E+02  4.200E+00  3.008E-02  7.415E-01
 3.33000E+00  256.39  9.40691E+16  4.000E+00  3.700E+02  4.300E+00  3.324E-02  6.348E-01
 2.23000E+00  262.86  6.14447E+16  3.600E+00  3.700E+02  4.100E+00  3.733E-02  4.852E-01
 1.50000E+00  265.46  4.09257E+16  3.400E+00  3.700E+02  3.900E+00  4.327E-02  3.910E-01
 1.00000E+00  266.70  2.71569E+16  3.100E+00  3.700E+02  3.700E+00  5.224E-02  2.697E-01
 5.50000E-01  263.08  1.51418E+16  2.600E+00  3.700E+02  2.000E+00  7.404E-02  1.826E-01
 3.00000E-01  254.55  8.53595E+15  2.800E+00  3.700E+02  8.300E-01  1.117E-01  1.873E-01
 1.70000E-01  245.22  5.02108E+15  3.800E+00  3.700E+02  7.000E-01  1.675E-01  1.806E-01
 9.00000E-02  234.78  2.77642E+15  3.300E+00  3.700E+02  5.300E-01  2.736E-01  1.650E-01
 5.00000E-02  225.13  1.60857E+15  2.800E+00  3.700E+02  4.100E-01  4.635E-01  1.532E-01
 2.40000E-02  214.03  8.12158E+14  3.600E+00  3.700E+02  3.400E-01  9.399E-01  1.493E-01
 1.05000E-02  204.23  3.72369E+14  4.000E+00  3.678E+02  2.500E-01  1.738E+00  1.619E-01
 1.84000E-03  192.53  6.92187E+13  3.600E+00  3.476E+02  4.600E-01  6.476E+00  1.814E-01
