! My profile #13, from [checked] H2O=635, and O3=jul40 
! I slightly modified the O3 near 2-1 mb. 
! Fake profiles below 1 mb for O3 and 100 mb for H2O 
! Fake 1050 mb data to prevent H2O interpolation saturation 
! This file last updated July 2000
'P'  44  5 
 1  2  3  5  6 
 45.0 0.0                                                                                 
 1.05000E+03  295.00  2.57800E+19  2.450E+04  3.700E+02  4.400E-02  1.350E-01  1.694E+00
 1.00000E+03  294.16  2.46200E+19  2.413E+04  3.700E+02  4.400E-02  1.333E-01  1.693E+00
 9.50000E+02  292.58  2.35200E+19  1.912E+04  3.700E+02  4.526E-02  1.316E-01  1.693E+00
 9.20000E+02  291.59  2.28500E+19  1.598E+04  3.700E+02  4.605E-02  1.306E-01  1.693E+00
 8.50000E+02  289.16  2.12900E+19  9.201E+03  3.700E+02  4.800E-02  1.283E-01  1.692E+00
 7.80000E+02  286.06  1.97500E+19  1.101E+04  3.700E+02  4.888E-02  1.261E-01  1.693E+00
 7.00000E+02  282.16  1.79700E+19  1.329E+04  3.700E+02  5.000E-02  1.234E-01  1.693E+00
 6.70000E+02  280.21  1.73200E+19  1.253E+04  3.700E+02  5.273E-02  1.223E-01  1.693E+00
 6.20000E+02  276.75  1.62300E+19  1.117E+04  3.700E+02  5.757E-02  1.204E-01  1.694E+00
 5.70000E+02  273.00  1.51200E+19  9.705E+03  3.700E+02  6.282E-02  1.183E-01  1.694E+00
 5.00000E+02  267.16  1.35600E+19  7.418E+03  3.700E+02  7.100E-02  1.146E-01  1.694E+00
 4.75000E+02  264.40  1.30100E+19  6.436E+03  3.700E+02  7.859E-02  1.130E-01  1.693E+00
 4.30000E+02  259.05  1.20200E+19  4.531E+03  3.700E+02  9.330E-02  1.095E-01  1.691E+00
 4.00000E+02  255.16  1.13500E+19  3.146E+03  3.700E+02  1.040E-01  1.067E-01  1.690E+00
 3.50000E+02  247.73  1.02300E+19  1.722E+03  3.700E+02  1.230E-01  9.992E-02  1.684E+00
 3.00000E+02  239.16  9.08500E+18  4.180E+02  3.700E+02  1.450E-01  8.813E-02  1.674E+00
 2.50000E+02  230.16  7.86700E+18  2.412E+02  3.700E+02  1.930E-01  7.271E-02  1.656E+00
 2.00000E+02  220.16  6.58000E+18  1.238E+02  3.700E+02  2.720E-01  5.836E-02  1.624E+00
 1.50000E+02  212.16  5.12100E+18  5.306E+01  3.700E+02  4.830E-01  5.119E-02  1.568E+00
 1.35000E+02  210.60  4.64300E+18  3.990E+01  3.700E+02  6.399E-01  5.050E-02  1.545E+00
 1.15000E+02  208.23  4.00000E+18  2.360E+01  3.700E+02  8.788E-01  4.686E-02  1.508E+00
 1.00000E+02  206.16  3.51300E+18  5.400E+00  3.700E+02  1.087E+00  4.009E-02  1.476E+00
 8.50000E+01  208.44  2.95400E+18  5.100E+00  3.700E+02  1.513E+00  3.480E-02  1.440E+00
 7.00000E+01  211.16  2.40100E+18  5.300E+00  3.700E+02  2.023E+00  3.000E-02  1.398E+00
 6.00000E+01  213.91  2.03200E+18  5.900E+00  3.700E+02  2.604E+00  2.550E-02  1.364E+00
 5.00000E+01  217.16  1.66800E+18  6.400E+00  3.700E+02  3.291E+00  2.279E-02  1.320E+00
 3.00000E+01  223.16  9.73700E+17  6.300E+00  3.700E+02  5.322E+00  2.112E-02  1.171E+00
 2.50000E+01  224.73  8.05700E+17  5.800E+00  3.700E+02  5.708E+00  2.027E-02  1.109E+00
 2.00000E+01  226.66  6.39100E+17  5.300E+00  3.700E+02  6.180E+00  1.864E-02  1.033E+00
 1.50000E+01  231.56  4.69200E+17  6.100E+00  3.700E+02  5.778E+00  1.592E-02  9.493E-01
 1.00000E+01  238.46  3.03700E+17  6.500E+00  3.700E+02  5.211E+00  1.443E-02  8.712E-01
 7.00000E+00  244.46  2.07400E+17  6.100E+00  3.700E+02  4.108E+00  1.410E-02  8.272E-01
 5.00000E+00  242.36  1.49400E+17  5.200E+00  3.700E+02  3.067E+00  1.380E-02  7.844E-01
 4.00000E+00  248.78  1.16500E+17  5.300E+00  3.700E+02  2.893E+00  1.675E-02  7.454E-01
 3.00000E+00  257.06  8.45300E+16  6.700E+00  3.700E+02  2.668E+00  2.317E-02  6.729E-01
 2.00000E+00  258.86  5.59600E+16  6.600E+00  3.700E+02  2.552E+00  3.566E-02  4.735E-01
 1.50000E+00  263.51  4.12300E+16  6.500E+00  3.700E+02  2.452E+00  4.908E-02  3.679E-01
 1.00000E+00  270.06  2.68200E+16  6.900E+00  3.700E+02  2.352E+00  6.257E-02  2.906E-01
 5.00000E-01  260.46  1.39000E+16  6.300E+00  3.700E+02  1.435E+00  8.966E-02  2.096E-01
 2.00000E-01  244.51  5.92400E+15  6.200E+00  3.700E+02  7.042E-01  1.671E-01  1.783E-01
 1.00000E-01  230.77  3.13900E+15  5.600E+00  3.700E+02  4.389E-01  2.929E-01  1.724E-01
 5.22000E-02  217.37  1.73900E+15  6.000E+00  3.700E+02  2.016E-01  5.083E-01  1.668E-01
 1.05000E-02  196.37  3.87300E+14  6.500E+00  3.678E+02  2.016E-01  1.224E+00  1.529E-01
 1.84000E-03  184.67  7.21600E+13  5.600E+00  3.476E+02  4.704E-01  5.361E+00  1.425E-01
