! My profile #15, from [checked] H2O=872, and O3=jan0 
! I slightly modified the O3 near 2-1 mb. 
! Fake profiles below 1 mb for O3 and 100 mb for H2O 
! 
! This file last updated July 2000
'P'  43  5 
 1  2  3  5  6 
 45.0 0.0                                                                                 
 1.00000E+03  301.16  2.40500E+19  3.214E+04  3.700E+02  1.800E-02  2.776E-01  1.735E+00
 9.50000E+02  298.64  2.30400E+19  2.678E+04  3.700E+02  1.800E-02  2.674E-01  1.764E+00
 9.20000E+02  297.06  2.24300E+19  2.344E+04  3.700E+02  1.800E-02  2.588E-01  1.781E+00
 8.50000E+02  293.16  2.10000E+19  1.679E+04  3.700E+02  1.800E-02  2.345E-01  1.820E+00
 7.80000E+02  289.18  1.95400E+19  1.201E+04  3.700E+02  1.933E-02  2.089E-01  1.858E+00
 7.00000E+02  284.16  1.78400E+19  6.004E+03  3.700E+02  2.100E-02  1.855E-01  1.900E+00
 6.70000E+02  282.34  1.71900E+19  5.349E+03  3.700E+02  2.217E-02  1.789E-01  1.915E+00
 6.20000E+02  279.11  1.60900E+19  4.192E+03  3.700E+02  2.425E-02  1.694E-01  1.940E+00
 5.70000E+02  275.61  1.49800E+19  2.936E+03  3.700E+02  2.650E-02  1.607E-01  1.962E+00
 5.00000E+02  270.16  1.34000E+19  9.792E+02  3.700E+02  3.000E-02  1.483E-01  1.991E+00
 4.75000E+02  267.17  1.28800E+19  9.759E+02  3.700E+02  3.000E-02  1.438E-01  2.000E+00
 4.30000E+02  261.37  1.19200E+19  9.695E+02  3.700E+02  3.000E-02  1.354E-01  2.015E+00
 4.00000E+02  257.16  1.12700E+19  9.647E+02  3.700E+02  3.000E-02  1.297E-01  2.024E+00
 3.50000E+02  249.27  1.01700E+19  5.595E+02  3.700E+02  3.046E-02  1.196E-01  2.037E+00
 3.00000E+02  240.16  9.04700E+18  9.164E+01  3.700E+02  3.100E-02  1.093E-01  2.048E+00
 2.50000E+02  230.16  7.86700E+18  3.537E+01  3.700E+02  3.400E-02  9.984E-02  2.055E+00
 2.00000E+02  218.16  6.64000E+18  9.647E+00  3.700E+02  4.200E-02  9.162E-02  2.057E+00
 1.50000E+02  205.16  5.29500E+18  4.823E+00  3.700E+02  8.500E-02  7.073E-02  2.042E+00
 1.35000E+02  202.30  4.83300E+18  3.200E+00  3.700E+02  1.258E-01  6.067E-02  2.032E+00
 1.15000E+02  197.95  4.20800E+18  3.400E+00  3.700E+02  1.879E-01  4.937E-02  2.010E+00
 1.00000E+02  194.16  3.73000E+18  1.400E+00  3.700E+02  2.420E-01  4.132E-02  1.985E+00
 8.50000E+01  194.62  3.16300E+18  1.300E+00  3.700E+02  4.206E-01  3.384E-02  1.949E+00
 7.00000E+01  195.16  2.59800E+18  1.300E+00  3.700E+02  6.340E-01  2.799E-02  1.897E+00
 6.00000E+01  199.74  2.17600E+18  1.400E+00  3.700E+02  1.713E+00  2.505E-02  1.842E+00
 5.00000E+01  205.16  1.76500E+18  1.600E+00  3.700E+02  2.989E+00  2.282E-02  1.753E+00
 3.00000E+01  219.16  9.91400E+17  1.500E+00  3.700E+02  7.119E+00  2.031E-02  1.428E+00
 2.50000E+01  220.73  8.20300E+17  1.300E+00  3.700E+02  7.429E+00  1.996E-02  1.339E+00
 2.00000E+01  222.66  6.50600E+17  1.300E+00  3.700E+02  7.808E+00  1.972E-02  1.228E+00
 1.50000E+01  225.94  4.80800E+17  1.400E+00  3.700E+02  7.421E+00  2.009E-02  1.068E+00
 1.00000E+01  230.56  3.14100E+17  1.600E+00  3.700E+02  6.876E+00  2.284E-02  8.996E-01
 7.00000E+00  232.46  2.18100E+17  1.500E+00  3.700E+02  5.696E+00  2.622E-02  7.879E-01
 5.00000E+00  245.36  1.47600E+17  1.400E+00  3.700E+02  4.583E+00  2.825E-02  6.773E-01
 4.00000E+00  247.02  1.17300E+17  1.300E+00  3.700E+02  4.397E+00  2.923E-02  6.036E-01
 3.00000E+00  249.16  8.72100E+16  1.400E+00  3.700E+02  4.156E+00  3.061E-02  5.096E-01
 2.00000E+00  251.96  5.74900E+16  1.400E+00  3.700E+02  4.000E+00  3.348E-02  3.806E-01
 1.50000E+00  255.78  4.24700E+16  1.300E+00  3.700E+02  3.900E+00  3.659E-02  3.065E-01
 1.00000E+00  261.16  2.77300E+16  1.300E+00  3.700E+02  3.818E+00  4.351E-02  2.287E-01
 5.00000E-01  261.76  1.38300E+16  1.400E+00  3.700E+02  2.330E+00  6.846E-02  1.650E-01
 2.00000E-01  258.46  5.60500E+15  1.500E+00  3.700E+02  1.143E+00  1.329E-01  1.462E-01
 1.00000E-01  254.36  2.84700E+15  1.500E+00  3.700E+02  7.125E-01  2.885E-01  1.405E-01
 5.22000E-02  240.96  1.56900E+15  1.400E+00  3.700E+02  3.273E-01  6.518E-01  1.400E-01
 1.05000E-02  219.96  3.45700E+14  1.400E+00  3.678E+02  3.273E-01  1.718E+00  1.457E-01
 1.84000E-03  208.26  6.39900E+13  1.500E+00  3.476E+02  7.636E-01  6.836E+00  1.482E-01
