! My profile #12, from [checked] H2O=492, and O3=jan40 
! I slightly modified the O3 near 2-1 mb. 
! Fake profiles below 1 mb for O3 and 100 mb for H2O 
! 
! This file last updated July 2000
'P'  43  5 
 1  2  3  5  6 
 45.0 0.0                                                                                 
 1.00000E+03  305.16  2.37300E+19  1.189E+04  3.700E+02  2.400E-02  8.057E-02  2.091E+00
 9.50000E+02  301.69  2.28100E+19  1.079E+04  3.700E+02  2.432E-02  8.224E-02  2.067E+00
 9.20000E+02  299.52  2.22500E+19  1.010E+04  3.700E+02  2.451E-02  8.319E-02  2.052E+00
 8.50000E+02  294.16  2.09300E+19  8.488E+03  3.700E+02  2.500E-02  8.521E-02  2.017E+00
 7.80000E+02  287.96  1.96200E+19  6.759E+03  3.700E+02  2.854E-02  8.693E-02  1.980E+00
 7.00000E+02  280.16  1.81000E+19  4.582E+03  3.700E+02  3.300E-02  8.844E-02  1.936E+00
 6.70000E+02  278.34  1.74300E+19  4.155E+03  3.700E+02  3.678E-02  8.888E-02  1.919E+00
 6.20000E+02  275.11  1.63200E+19  3.399E+03  3.700E+02  4.346E-02  8.943E-02  1.889E+00
 5.70000E+02  271.61  1.52000E+19  2.579E+03  3.700E+02  5.071E-02  8.976E-02  1.858E+00
 5.00000E+02  266.16  1.36100E+19  1.301E+03  3.700E+02  6.200E-02  8.989E-02  1.814E+00
 4.75000E+02  263.40  1.30600E+19  1.174E+03  3.700E+02  7.096E-02  8.987E-02  1.797E+00
 4.30000E+02  258.05  1.20700E+19  9.261E+02  3.700E+02  8.836E-02  8.979E-02  1.766E+00
 4.00000E+02  254.16  1.14000E+19  7.476E+02  3.700E+02  1.010E-01  8.975E-02  1.745E+00
 3.50000E+02  247.20  1.02500E+19  4.389E+02  3.700E+02  1.214E-01  8.959E-02  1.710E+00
 3.00000E+02  239.16  9.08500E+18  8.200E+01  3.700E+02  1.450E-01  8.835E-02  1.673E+00
 2.50000E+02  230.16  7.86700E+18  3.537E+01  3.700E+02  1.680E-01  8.422E-02  1.637E+00
 2.00000E+02  220.16  6.58000E+18  1.286E+01  3.700E+02  3.320E-01  7.598E-02  1.600E+00
 1.50000E+02  209.16  5.19400E+18  4.823E+00  3.700E+02  6.640E-01  6.179E-02  1.556E+00
 1.35000E+02  207.34  4.71600E+18  3.200E+00  3.700E+02  7.895E-01  5.561E-02  1.541E+00
 1.15000E+02  204.57  4.07200E+18  3.100E+00  3.700E+02  9.805E-01  4.649E-02  1.514E+00
 1.00000E+02  202.16  3.58300E+18  1.200E+00  3.700E+02  1.147E+00  3.970E-02  1.490E+00
 8.50000E+01  205.35  2.99800E+18  1.400E+00  3.700E+02  1.739E+00  3.304E-02  1.457E+00
 7.00000E+01  209.16  2.42400E+18  1.500E+00  3.700E+02  2.446E+00  2.611E-02  1.415E+00
 6.00000E+01  211.91  2.05100E+18  1.400E+00  3.700E+02  3.359E+00  2.281E-02  1.378E+00
 5.00000E+01  215.16  1.68300E+18  1.300E+00  3.700E+02  4.438E+00  2.190E-02  1.332E+00
 3.00000E+01  220.16  9.86900E+17  1.300E+00  3.700E+02  6.446E+00  1.756E-02  1.188E+00
 2.50000E+01  221.73  8.16600E+17  1.400E+00  3.700E+02  6.652E+00  1.703E-02  1.133E+00
 2.00000E+01  223.66  6.47700E+17  1.400E+00  3.700E+02  6.903E+00  1.762E-02  1.061E+00
 1.50000E+01  225.28  4.82300E+17  1.300E+00  3.700E+02  6.362E+00  1.912E-02  9.674E-01
 1.00000E+01  227.56  3.18300E+17  1.400E+00  3.700E+02  5.599E+00  2.102E-02  8.509E-01
 7.00000E+00  232.46  2.18100E+17  1.400E+00  3.700E+02  4.465E+00  2.224E-02  7.702E-01
 5.00000E+00  236.36  1.53200E+17  1.600E+00  3.700E+02  3.395E+00  2.434E-02  7.004E-01
 4.00000E+00  241.47  1.20000E+17  1.600E+00  3.700E+02  3.216E+00  2.565E-02  6.524E-01
 3.00000E+00  248.06  8.75900E+16  1.400E+00  3.700E+02  2.986E+00  2.643E-02  5.899E-01
 2.00000E+00  250.86  5.77400E+16  1.400E+00  3.700E+02  2.861E+00  2.676E-02  5.078E-01
 1.50000E+00  254.72  4.26500E+16  1.300E+00  3.700E+02  2.761E+00  2.715E-02  3.769E-01
 1.00000E+00  260.16  2.78400E+16  1.400E+00  3.700E+02  2.661E+00  2.863E-02  2.500E-01
 5.00000E-01  262.76  1.37800E+16  1.500E+00  3.700E+02  1.624E+00  3.687E-02  1.664E-01
 2.00000E-01  251.46  5.76100E+15  1.400E+00  3.700E+02  7.968E-01  7.641E-02  1.484E-01
 1.00000E-01  242.37  2.98800E+15  1.400E+00  3.700E+02  4.966E-01  1.378E-01  1.429E-01
 5.22000E-02  228.97  1.65100E+15  1.500E+00  3.700E+02  2.281E-01  3.063E-01  1.426E-01
 1.05000E-02  207.97  3.65700E+14  1.500E+00  3.678E+02  2.281E-01  1.258E+00  1.421E-01
 1.84000E-03  196.27  6.79000E+13  1.400E+00  3.476E+02  5.322E-01  4.565E+00  1.366E-01
