! My profile #18, from [checked] H2O=1169, and O3=fak1 
! O3 is unchanged. 
! Fake profiles below 1000 mb for O3 and 100 mb for H2O 
! 
! This file last updated July 2000
'P'  43  5 
 1  2  3  5  6 
 45.0 0.0                                                                                 
 1.00000E+03  297.16  2.43700E+19  2.716E+04  3.700E+02  3.100E-02  1.104E-01  1.919E+00
 9.50000E+02  295.27  2.33000E+19  2.552E+04  3.700E+02  3.163E-02  1.098E-01  1.901E+00
 9.20000E+02  294.08  2.26600E+19  2.449E+04  3.700E+02  3.203E-02  1.094E-01  1.889E+00
 8.50000E+02  291.16  2.11400E+19  2.210E+04  3.700E+02  3.300E-02  1.084E-01  1.862E+00
 7.80000E+02  287.62  1.96400E+19  1.768E+04  3.700E+02  3.388E-02  1.073E-01  1.835E+00
 7.00000E+02  283.16  1.79000E+19  1.211E+04  3.700E+02  3.500E-02  1.059E-01  1.801E+00
 6.70000E+02  280.95  1.72700E+19  1.138E+04  3.700E+02  3.578E-02  1.054E-01  1.788E+00
 6.20000E+02  277.03  1.62100E+19  1.009E+04  3.700E+02  3.716E-02  1.046E-01  1.766E+00
 5.70000E+02  272.78  1.51300E+19  8.689E+03  3.700E+02  3.866E-02  1.040E-01  1.744E+00
 5.00000E+02  266.16  1.36100E+19  6.507E+03  3.700E+02  4.100E-02  1.034E-01  1.711E+00
 4.75000E+02  264.09  1.30300E+19  5.907E+03  3.700E+02  4.238E-02  1.034E-01  1.699E+00
 4.30000E+02  260.08  1.19700E+19  4.745E+03  3.700E+02  4.505E-02  1.038E-01  1.677E+00
 4.00000E+02  257.16  1.12700E+19  3.901E+03  3.700E+02  4.700E-02  1.044E-01  1.663E+00
 3.50000E+02  249.73  1.01500E+19  2.101E+03  3.700E+02  5.071E-02  1.065E-01  1.640E+00
 3.00000E+02  241.16  9.01000E+18  6.094E+02  3.700E+02  5.500E-02  1.094E-01  1.618E+00
 2.50000E+02  231.16  7.83300E+18  3.521E+02  3.700E+02  6.700E-02  1.107E-01  1.598E+00
 2.00000E+02  219.16  6.61000E+18  1.142E+02  3.700E+02  1.200E-01  1.035E-01  1.585E+00
 1.50000E+02  204.16  5.32100E+18  1.929E+01  3.700E+02  2.300E-01  7.448E-02  1.588E+00
 1.35000E+02  201.30  4.85700E+18  1.280E+01  3.700E+02  4.275E-01  6.134E-02  1.595E+00
 1.15000E+02  196.95  4.22900E+18  6.900E+00  3.700E+02  7.280E-01  4.486E-02  1.602E+00
 1.00000E+02  193.16  3.75000E+18  2.100E+00  3.700E+02  9.900E-01  3.531E-02  1.606E+00
 8.50000E+01  199.54  3.08500E+18  2.500E+00  3.700E+02  1.496E+00  2.937E-02  1.600E+00
 7.00000E+01  207.16  2.44700E+18  2.100E+00  3.700E+02  2.100E+00  2.611E-02  1.570E+00
 6.00000E+01  209.91  2.07000E+18  2.400E+00  3.700E+02  2.604E+00  2.445E-02  1.526E+00
 5.00000E+01  213.16  1.69900E+18  3.000E+00  3.700E+02  3.200E+00  2.248E-02  1.453E+00
 3.00000E+01  223.16  9.73700E+17  3.100E+00  3.700E+02  4.600E+00  1.534E-02  1.231E+00
 2.50000E+01  226.53  7.99300E+17  3.100E+00  3.700E+02  4.825E+00  1.397E-02  1.175E+00
 2.00000E+01  230.66  6.28000E+17  2.700E+00  3.700E+02  5.100E+00  1.358E-02  1.135E+00
 1.50000E+01  234.35  4.63600E+17  2.300E+00  3.700E+02  5.473E+00  1.390E-02  1.097E+00
 1.00000E+01  239.56  3.02300E+17  2.700E+00  3.700E+02  6.000E+00  1.396E-02  9.512E-01
 7.00000E+00  246.46  2.05700E+17  3.000E+00  3.700E+02  5.537E+00  1.392E-02  8.087E-01
 5.00000E+00  256.36  1.41300E+17  2.600E+00  3.700E+02  5.100E+00  1.436E-02  8.226E-01
 4.00000E+00  258.85  1.11900E+17  2.300E+00  3.700E+02  4.686E+00  1.514E-02  8.107E-01
 3.00000E+00  262.06  8.29100E+16  2.100E+00  3.700E+02  4.152E+00  1.699E-02  6.581E-01
 2.00000E+00  266.86  5.42800E+16  2.000E+00  3.700E+02  3.400E+00  2.100E-02  4.862E-01
 1.50000E+00  268.19  4.05100E+16  2.200E+00  3.700E+02  2.985E+00  2.442E-02  4.259E-01
 1.00000E+00  270.06  2.68200E+16  2.600E+00  3.700E+02  2.400E+00  3.100E-02  2.527E-01
 5.00000E-01  261.46  1.38500E+16  2.300E+00  3.700E+02  1.481E+00  6.147E-02  1.868E-01
 2.00000E-01  248.63  5.82600E+15  2.100E+00  3.700E+02  6.071E-01  1.348E-01  1.687E-01
 1.00000E-01  238.01  3.04300E+15  2.300E+00  3.700E+02  3.048E-01  2.053E-01  1.650E-01
 5.22000E-02  224.61  1.68300E+15  2.300E+00  3.700E+02  1.900E-01  2.970E-01  1.487E-01
 1.05000E-02  203.61  3.73500E+14  2.500E+00  3.678E+02  2.600E-01  1.659E+00  1.651E-01
 1.84000E-03  191.91  6.94400E+13  2.100E+00  3.476E+02  5.200E-01  5.787E+00  1.571E-01
