! Profile #10 
! T & H2O=Phillips 291 [checked], and O3=fake 
! Fake H2O for P <= 150 mb 
! 
! This file last updated July 2000
'P'  43  5 
 1  2  3  5  6 
 45.0 0.0                                                                                 
 1.00000E+03  272.16  2.66100E+19  5.676E+02  3.700E+02  3.800E-02  1.036E-01  1.699E+00
 9.50000E+02  269.00  2.55800E+19  4.759E+02  3.700E+02  3.926E-02  1.083E-01  1.698E+00
 9.20000E+02  267.03  2.49500E+19  4.196E+02  3.700E+02  4.005E-02  1.111E-01  1.699E+00
 8.50000E+02  262.16  2.34800E+19  3.103E+02  3.700E+02  4.200E-02  1.181E-01  1.700E+00
 7.80000E+02  259.50  2.17700E+19  2.749E+02  3.700E+02  4.421E-02  1.249E-01  1.703E+00
 7.00000E+02  256.16  1.97900E+19  2.299E+02  3.700E+02  4.700E-02  1.321E-01  1.708E+00
 6.70000E+02  254.47  1.90700E+19  2.106E+02  3.700E+02  4.882E-02  1.345E-01  1.710E+00
 6.20000E+02  251.47  1.78600E+19  1.736E+02  3.700E+02  5.205E-02  1.379E-01  1.715E+00
 5.70000E+02  248.22  1.66300E+19  1.351E+02  3.700E+02  5.555E-02  1.406E-01  1.722E+00
 5.00000E+02  243.16  1.48900E+19  7.557E+01  3.700E+02  6.100E-02  1.434E-01  1.731E+00
 4.75000E+02  240.63  1.43000E+19  6.431E+01  3.700E+02  6.698E-02  1.442E-01  1.735E+00
 4.30000E+02  235.73  1.32100E+19  4.341E+01  3.700E+02  7.857E-02  1.453E-01  1.744E+00
 4.00000E+02  232.16  1.24800E+19  2.733E+01  3.700E+02  8.700E-02  1.453E-01  1.750E+00
 3.50000E+02  225.66  1.12300E+19  1.769E+01  3.700E+02  1.162E-01  1.422E-01  1.762E+00
 3.00000E+02  218.16  9.96000E+18  6.431E+00  3.700E+02  1.500E-01  1.317E-01  1.772E+00
 2.50000E+02  225.16  8.04200E+18  3.216E+00  3.700E+02  2.100E-01  1.144E-01  1.783E+00
 2.00000E+02  231.16  6.26600E+18  1.608E+00  3.700E+02  3.000E-01  9.474E-02  1.787E+00
 1.50000E+02  234.16  4.64000E+18  1.400E+00  3.700E+02  4.200E-01  6.515E-02  1.777E+00
 1.35000E+02  234.94  4.16200E+18  1.300E+00  3.700E+02  5.005E-01  5.663E-02  1.766E+00
 1.15000E+02  236.13  3.52700E+18  1.200E+00  3.700E+02  6.231E-01  4.529E-02  1.744E+00
 1.00000E+02  237.16  3.05400E+18  1.200E+00  3.700E+02  7.300E-01  3.574E-02  1.717E+00
 8.50000E+01  237.62  2.59100E+18  1.100E+00  3.700E+02  1.126E+00  2.856E-02  1.677E+00
 7.00000E+01  238.16  2.12900E+18  9.900E-01  3.700E+02  1.600E+00  2.385E-02  1.619E+00
 6.00000E+01  238.62  1.82100E+18  1.000E+00  3.700E+02  2.196E+00  2.085E-02  1.566E+00
 5.00000E+01  239.16  1.51400E+18  1.100E+00  3.700E+02  2.900E+00  1.784E-02  1.495E+00
 3.00000E+01  239.16  9.08500E+17  1.100E+00  3.700E+02  4.800E+00  1.250E-02  1.281E+00
 2.50000E+01  238.94  7.57800E+17  9.700E-01  3.700E+02  5.205E+00  1.158E-02  1.209E+00
 2.00000E+01  238.66  6.07000E+17  1.000E+00  3.700E+02  5.700E+00  1.126E-02  1.131E+00
 1.50000E+01  241.90  4.49100E+17  1.200E+00  3.700E+02  6.700E+00  1.181E-02  1.047E+00
 1.00000E+01  246.46  2.93900E+17  1.200E+00  3.700E+02  6.600E+00  1.269E-02  9.378E-01
 7.00000E+00  250.36  2.02500E+17  1.100E+00  3.700E+02  6.291E+00  1.625E-02  8.320E-01
 5.00000E+00  253.26  1.43000E+17  1.100E+00  3.700E+02  6.000E+00  2.043E-02  7.221E-01
 4.00000E+00  257.10  1.12700E+17  1.100E+00  3.700E+02  5.537E+00  2.296E-02  6.491E-01
 3.00000E+00  262.06  8.29100E+16  1.100E+00  3.700E+02  4.941E+00  2.638E-02  5.608E-01
 2.00000E+00  271.76  5.33000E+16  1.200E+00  3.700E+02  4.100E+00  3.211E-02  4.604E-01
 1.50000E+00  273.34  3.97500E+16  1.300E+00  3.700E+02  3.644E+00  3.722E-02  3.881E-01
 1.00000E+00  275.56  2.62800E+16  1.200E+00  3.700E+02  3.000E+00  4.684E-02  2.533E-01
 5.00000E-01  273.46  1.32400E+16  1.100E+00  3.700E+02  1.832E+00  7.370E-02  1.801E-01
 2.00000E-01  265.76  5.45100E+15  9.900E-01  3.700E+02  9.189E-01  1.456E-01  1.508E-01
 1.00000E-01  258.44  2.80200E+15  1.100E+00  3.700E+02  4.807E-01  2.748E-01  1.540E-01
 5.22000E-02  245.04  1.54300E+15  1.200E+00  3.700E+02  2.600E-01  5.501E-01  1.634E-01
 1.05000E-02  224.04  3.39400E+14  1.100E+00  3.678E+02  3.400E-01  1.885E+00  1.739E-01
 1.84000E-03  212.34  6.27600E+13  1.000E+00  3.476E+02  5.900E-01  8.693E+00  1.440E-01
