! TIGR profile number  591 
! Created using makeprof_tigr and database tigr.fdata.new 
! fake O3 
! Fake 1060 mb data to prevent H2O interpolation saturation 
! This file last updated July 2000
'P'  44  5 
 1  2  3  5  6 
 -46.250    0.000 
 1.06000E+03  276.00  2.78164E+19  6.000E+03  3.700E+02  2.200E-02  1.320E-01  2.096E+00
 1.01300E+03  277.05  2.64823E+19  6.110E+03  3.700E+02  2.200E-02  1.254E-01  2.080E+00
 9.55120E+02  279.15  2.47813E+19  5.193E+03  3.700E+02  2.400E-02  1.164E-01  2.059E+00
 9.00330E+02  276.75  2.35623E+19  4.632E+03  3.700E+02  2.700E-02  1.095E-01  2.042E+00
 8.48690E+02  273.95  2.24379E+19  4.149E+03  3.700E+02  3.000E-02  1.044E-01  2.028E+00
 8.00000E+02  272.85  2.12359E+19  2.114E+03  3.700E+02  3.200E-02  1.006E-01  2.017E+00
 7.24780E+02  268.45  1.95545E+19  1.430E+03  3.700E+02  3.300E-02  9.662E-02  2.003E+00
 6.51040E+02  262.55  1.79597E+19  8.794E+02  3.700E+02  3.600E-02  9.423E-02  1.996E+00
 5.84800E+02  256.55  1.65097E+19  6.167E+02  3.700E+02  3.700E-02  9.285E-02  1.995E+00
 5.25000E+02  250.45  1.51825E+19  4.254E+02  3.700E+02  3.800E-02  9.143E-02  2.000E+00
 4.71860E+02  244.34  1.39869E+19  2.844E+02  3.700E+02  3.800E-02  8.921E-02  2.011E+00
 4.23850E+02  237.74  1.29126E+19  1.800E+02  3.700E+02  3.900E-02  8.633E-02  2.026E+00
 3.80730E+02  232.15  1.18782E+19  1.213E+02  3.700E+02  3.900E-02  8.332E-02  2.042E+00
 3.41990E+02  227.55  1.08853E+19  8.742E+01  3.700E+02  4.000E-02  8.061E-02  2.057E+00
 3.07200E+02  223.15  9.97076E+18  6.382E+01  3.700E+02  4.000E-02  7.853E-02  2.067E+00
 2.75950E+02  219.66  9.09878E+18  4.626E+01  3.700E+02  4.400E-02  7.699E-02  2.065E+00
 2.47870E+02  216.95  8.27500E+18  3.353E+01  3.700E+02  4.800E-02  7.574E-02  2.052E+00
 2.22650E+02  219.94  7.33200E+18  2.430E+01  3.700E+02  5.200E-02  7.455E-02  2.027E+00
 2.00000E+02  222.95  6.49720E+18  1.761E+01  3.700E+02  5.600E-02  7.320E-02  1.990E+00
 1.61990E+02  224.65  5.22259E+18  9.358E+00  3.700E+02  2.200E-01  6.823E-02  1.897E+00
 1.31200E+02  225.25  4.21864E+18  4.300E+00  3.700E+02  5.600E-01  5.512E-02  1.821E+00
 1.06270E+02  225.05  3.42007E+18  2.300E+00  3.700E+02  8.000E-01  3.578E-02  1.796E+00
 8.60700E+01  225.15  2.76875E+18  2.600E+00  3.700E+02  1.500E+00  1.685E-02  1.801E+00
 6.97100E+01  225.15  2.24247E+18  2.600E+00  3.700E+02  2.100E+00  9.710E-03  1.794E+00
 5.64600E+01  225.75  1.81141E+18  3.300E+00  3.700E+02  2.900E+00  8.756E-03  1.734E+00
 4.57300E+01  226.15  1.46456E+18  3.600E+00  3.700E+02  3.900E+00  8.441E-03  1.600E+00
 3.70400E+01  226.25  1.18573E+18  2.800E+00  3.700E+02  5.000E+00  7.623E-03  1.432E+00
 2.47900E+01  229.05  7.83880E+17  3.200E+00  3.700E+02  6.000E+00  6.710E-03  1.228E+00
 1.66000E+01  233.00  5.16008E+17  3.100E+00  3.700E+02  4.800E+00  7.108E-03  1.134E+00
 1.11100E+01  239.23  3.36358E+17  3.200E+00  3.700E+02  3.200E+00  7.920E-03  1.072E+00
 7.43000E+00  246.47  2.18338E+17  3.500E+00  3.700E+02  3.000E+00  9.072E-03  9.953E-01
 4.98000E+00  256.36  1.40696E+17  3.200E+00  3.700E+02  2.400E+00  1.151E-02  8.750E-01
 3.33000E+00  263.45  9.15482E+16  3.000E+00  3.700E+02  2.000E+00  1.479E-02  7.350E-01
 2.23000E+00  269.83  5.98575E+16  3.000E+00  3.700E+02  2.000E+00  1.849E-02  6.195E-01
 1.50000E+00  272.27  3.99021E+16  2.600E+00  3.700E+02  1.800E+00  2.659E-02  3.901E-01
 1.00000E+00  273.64  2.64682E+16  3.300E+00  3.700E+02  1.700E+00  4.058E-02  2.884E-01
 5.50000E-01  265.44  1.50072E+16  4.000E+00  3.700E+02  1.100E+00  5.802E-02  2.123E-01
 3.00000E-01  254.74  8.52958E+15  2.700E+00  3.700E+02  9.500E-01  7.267E-02  1.974E-01
 1.70000E-01  244.14  5.04329E+15  2.300E+00  3.700E+02  6.400E-01  9.366E-02  1.892E-01
 9.00000E-02  232.26  2.80654E+15  2.400E+00  3.700E+02  4.200E-01  1.617E-01  1.783E-01
 5.00000E-02  221.28  1.63656E+15  3.100E+00  3.700E+02  3.300E-01  4.324E-01  1.675E-01
 2.40000E-02  210.18  8.27034E+14  3.900E+00  3.700E+02  2.500E-01  6.365E-01  1.545E-01
 1.05000E-02  200.38  3.79524E+14  3.500E+00  3.678E+02  2.800E-01  9.253E-01  1.420E-01
 1.84000E-03  188.68  7.06311E+13  2.700E+00  3.476E+02  3.000E-01  7.454E+00  1.280E-01
