! TIGR profile number  530 
! Created using makeprof_tigr and database tigr.fdata.new 
! fake O3 
!  
! This file last updated July 2000
'P'  43  5 
 1  2  3  5  6 
  68.920    0.000  279.75  1013.25 
 1.01300E+03  279.75  2.62267E+19  5.544E+03  3.700E+02  4.000E-02  1.531E-01  1.553E+00
 9.55120E+02  281.95  2.45352E+19  6.685E+03  3.700E+02  4.200E-02  1.593E-01  1.565E+00
 9.00330E+02  284.79  2.28971E+19  8.480E+03  3.700E+02  4.500E-02  1.639E-01  1.574E+00
 8.48690E+02  287.44  2.13848E+19  1.062E+04  3.700E+02  4.800E-02  1.669E-01  1.584E+00
 8.00000E+02  283.18  2.04612E+19  9.344E+03  3.700E+02  5.000E-02  1.683E-01  1.591E+00
 7.24780E+02  276.06  1.90154E+19  7.473E+03  3.700E+02  6.000E-02  1.672E-01  1.601E+00
 6.51040E+02  269.78  1.74784E+19  4.832E+03  3.700E+02  7.000E-02  1.620E-01  1.607E+00
 5.84800E+02  264.20  1.60317E+19  2.331E+03  3.700E+02  8.000E-02  1.534E-01  1.610E+00
 5.25000E+02  258.59  1.47045E+19  1.163E+03  3.700E+02  9.200E-02  1.426E-01  1.612E+00
 4.71860E+02  252.52  1.35338E+19  6.452E+02  3.700E+02  9.900E-02  1.307E-01  1.610E+00
 4.23850E+02  245.98  1.24800E+19  3.923E+02  3.700E+02  1.400E-01  1.186E-01  1.608E+00
 3.80730E+02  239.81  1.14988E+19  2.487E+02  3.700E+02  2.000E-01  1.077E-01  1.605E+00
 3.41990E+02  234.06  1.05825E+19  1.676E+02  3.700E+02  2.600E-01  9.942E-02  1.602E+00
 3.07200E+02  228.32  9.74498E+18  1.109E+02  3.700E+02  3.000E-01  9.333E-02  1.599E+00
 2.75950E+02  227.12  8.79992E+18  8.037E+01  3.700E+02  3.800E-01  8.703E-02  1.598E+00
 2.47870E+02  227.21  7.90133E+18  5.825E+01  3.700E+02  4.600E-01  7.859E-02  1.598E+00
 2.22650E+02  227.30  7.09458E+18  4.221E+01  3.700E+02  5.400E-01  6.700E-02  1.599E+00
 2.00000E+02  227.38  6.37062E+18  3.060E+01  3.700E+02  6.200E-01  5.432E-02  1.599E+00
 1.61990E+02  227.56  5.15580E+18  1.626E+01  3.700E+02  1.100E+00  3.860E-02  1.596E+00
 1.31200E+02  227.73  4.17270E+18  8.100E+00  3.700E+02  1.600E+00  2.750E-02  1.582E+00
 1.06270E+02  227.91  3.37716E+18  4.000E+00  3.700E+02  2.100E+00  2.043E-02  1.556E+00
 8.60700E+01  228.08  2.73318E+18  3.300E+00  3.700E+02  3.100E+00  1.740E-02  1.522E+00
 6.97100E+01  228.26  2.21192E+18  3.900E+00  3.700E+02  4.000E+00  1.530E-02  1.473E+00
 5.64600E+01  228.76  1.78758E+18  3.100E+00  3.700E+02  4.300E+00  1.307E-02  1.398E+00
 4.57300E+01  229.15  1.44539E+18  2.800E+00  3.700E+02  5.400E+00  1.103E-02  1.288E+00
 3.70400E+01  229.40  1.16945E+18  3.400E+00  3.700E+02  6.500E+00  9.879E-03  1.188E+00
 2.47900E+01  230.50  7.78949E+17  2.700E+00  3.700E+02  6.800E+00  8.563E-03  1.123E+00
 1.66000E+01  233.60  5.14682E+17  2.800E+00  3.700E+02  7.100E+00  7.744E-03  1.081E+00
 1.11100E+01  238.24  3.37756E+17  3.800E+00  3.700E+02  7.400E+00  1.006E-02  1.016E+00
 7.43000E+00  244.99  2.19657E+17  3.900E+00  3.700E+02  7.300E+00  1.237E-02  9.416E-01
 4.98000E+00  252.35  1.42932E+17  2.800E+00  3.700E+02  6.800E+00  1.376E-02  8.324E-01
 3.33000E+00  260.09  9.27309E+16  2.400E+00  3.700E+02  5.400E+00  1.550E-02  7.113E-01
 2.23000E+00  267.27  6.04308E+16  3.700E+00  3.700E+02  2.600E+00  1.823E-02  5.405E-01
 1.50000E+00  271.84  3.99652E+16  4.400E+00  3.700E+02  2.500E+00  2.254E-02  3.950E-01
 1.00000E+00  275.61  2.62790E+16  3.700E+00  3.700E+02  2.400E+00  2.950E-02  2.846E-01
 5.50000E-01  270.28  1.47385E+16  2.500E+00  3.700E+02  2.300E+00  4.526E-02  2.154E-01
 3.00000E-01  259.06  8.38735E+15  2.000E+00  3.700E+02  1.300E+00  6.696E-02  1.921E-01
 1.70000E-01  247.16  4.98166E+15  2.000E+00  3.700E+02  9.500E-01  9.118E-02  1.822E-01
 9.00000E-02  233.83  2.78770E+15  3.000E+00  3.700E+02  7.400E-01  1.331E-01  1.795E-01
 5.00000E-02  221.52  1.63479E+15  4.100E+00  3.700E+02  6.000E-01  2.379E-01  1.812E-01
 2.40000E-02  210.42  8.26091E+14  3.600E+00  3.700E+02  4.500E-01  4.743E-01  1.841E-01
 1.05000E-02  200.62  3.79069E+14  3.600E+00  3.678E+02  3.200E-01  9.311E-01  1.852E-01
 1.84000E-03  188.92  7.05413E+13  2.900E+00  3.476E+02  6.100E-01  8.904E+00  1.742E-01
