! TIGR profile number  906 
! Created using makeprof_tigr and database tigr.fdata.new 
! fake O3 
! Fake 1040 mb data to prevent H2O interpolation saturation  
! This file last updated July 2000
'P'  44  5 
 1  2  3  5  6 
 -67.400    0.000 
 1.04000E+03  269.50  2.79498E+19  4.350E+03  3.700E+02  6.400E-02  1.400E-01  1.556E+00
 1.01300E+03  268.85  2.72900E+19  4.306E+03  3.700E+02  6.400E-02  1.370E-01  1.570E+00
 9.55120E+02  267.65  2.58461E+19  4.043E+03  3.700E+02  6.700E-02  1.348E-01  1.588E+00
 9.00330E+02  266.35  2.44823E+19  3.834E+03  3.700E+02  5.700E-02  1.330E-01  1.603E+00
 8.48690E+02  265.05  2.31913E+19  3.567E+03  3.700E+02  5.400E-02  1.316E-01  1.618E+00
 8.00000E+02  263.65  2.19769E+19  3.345E+03  3.700E+02  6.200E-02  1.304E-01  1.630E+00
 7.24780E+02  261.45  2.00780E+19  3.032E+03  3.700E+02  7.000E-02  1.290E-01  1.645E+00
 6.51040E+02  259.25  1.81883E+19  2.688E+03  3.700E+02  7.800E-02  1.282E-01  1.658E+00
 5.84800E+02  256.95  1.64840E+19  2.395E+03  3.700E+02  8.700E-02  1.278E-01  1.666E+00
 5.25000E+02  254.85  1.49203E+19  2.146E+03  3.700E+02  9.500E-02  1.276E-01  1.668E+00
 4.71860E+02  252.75  1.35215E+19  1.913E+03  3.700E+02  1.100E-01  1.275E-01  1.666E+00
 4.23850E+02  250.65  1.22475E+19  1.717E+03  3.700E+02  1.600E-01  1.272E-01  1.661E+00
 3.80730E+02  248.75  1.10856E+19  1.551E+03  3.700E+02  2.200E-01  1.267E-01  1.653E+00
 3.41990E+02  246.85  1.00342E+19  1.395E+03  3.700E+02  2.900E-01  1.265E-01  1.641E+00
 3.07200E+02  244.95  9.08338E+18  1.264E+03  3.700E+02  3.600E-01  1.272E-01  1.628E+00
 2.75950E+02  243.15  8.21977E+18  9.159E+02  3.700E+02  4.500E-01  1.283E-01  1.615E+00
 2.47870E+02  241.45  7.43533E+18  6.638E+02  3.700E+02  5.400E-01  1.249E-01  1.600E+00
 2.22650E+02  239.75  6.72617E+18  4.811E+02  3.700E+02  6.300E-01  1.114E-01  1.585E+00
 2.00000E+02  238.15  6.08252E+18  3.487E+02  3.700E+02  7.200E-01  8.670E-02  1.569E+00
 1.61990E+02  235.05  4.99151E+18  1.853E+02  3.700E+02  7.700E-01  4.647E-02  1.543E+00
 1.31200E+02  232.15  4.09326E+18  8.570E+01  3.700E+02  8.000E-01  4.156E-02  1.516E+00
 1.06270E+02  229.45  3.35449E+18  4.480E+01  3.700E+02  9.200E-01  3.143E-02  1.484E+00
 8.60700E+01  226.84  2.74812E+18  2.670E+01  3.700E+02  9.500E-01  2.498E-02  1.443E+00
 6.97100E+01  222.75  2.26663E+18  1.320E+01  3.700E+02  1.100E+00  2.175E-02  1.387E+00
 5.64600E+01  221.35  1.84742E+18  6.700E+00  3.700E+02  1.600E+00  1.757E-02  1.314E+00
 4.57300E+01  220.45  1.50243E+18  3.100E+00  3.700E+02  2.000E+00  1.399E-02  1.232E+00
 3.70400E+01  219.85  1.22025E+18  2.500E+00  3.700E+02  2.900E+00  1.231E-02  1.152E+00
 2.47900E+01  220.54  8.14128E+17  2.800E+00  3.700E+02  3.800E+00  1.093E-02  1.032E+00
 1.66000E+01  223.29  5.38447E+17  2.800E+00  3.700E+02  5.800E+00  1.043E-02  9.438E-01
 1.11100E+01  229.32  3.50894E+17  3.500E+00  3.700E+02  7.900E+00  1.440E-02  8.585E-01
 7.43000E+00  234.59  2.29395E+17  3.800E+00  3.700E+02  7.500E+00  1.778E-02  7.598E-01
 4.98000E+00  244.97  1.47238E+17  3.300E+00  3.700E+02  7.200E+00  2.375E-02  6.668E-01
 3.33000E+00  255.70  9.43229E+16  2.900E+00  3.700E+02  7.100E+00  2.912E-02  5.958E-01
 2.23000E+00  264.34  6.11006E+16  2.800E+00  3.700E+02  6.100E+00  3.292E-02  5.123E-01
 1.50000E+00  267.38  4.06318E+16  2.600E+00  3.700E+02  5.100E+00  3.719E-02  3.755E-01
 1.00000E+00  268.65  2.69598E+16  3.000E+00  3.700E+02  4.400E+00  4.194E-02  2.556E-01
 5.50000E-01  262.57  1.51712E+16  3.400E+00  3.700E+02  2.600E+00  5.276E-02  2.036E-01
 3.00000E-01  251.06  8.65461E+15  3.200E+00  3.700E+02  2.500E+00  7.223E-02  1.855E-01
 1.70000E-01  239.42  5.14271E+15  2.600E+00  3.700E+02  1.500E+00  9.474E-02  1.667E-01
 9.00000E-02  226.39  2.87931E+15  3.200E+00  3.700E+02  7.800E-01  3.846E-01  1.515E-01
 5.00000E-02  214.35  1.68947E+15  4.300E+00  3.700E+02  6.500E-01  5.480E-01  1.411E-01
 2.40000E-02  203.25  8.55233E+14  3.900E+00  3.700E+02  5.100E-01  7.761E-01  1.572E-01
 1.05000E-02  193.45  3.93119E+14  4.000E+00  3.678E+02  3.300E-01  1.170E+00  1.725E-01
 1.84000E-03  181.75  7.33242E+13  4.200E+00  3.476E+02  7.200E-01  9.547E+00  1.668E-01
