! TIGR profile number 1053 
! Created using makeprof_tigr and database tigr.fdata.new 
! fake O3 
! Fake H2O for P<220 mb 
! This file last updated July 2000
'P'  43  5 
 1  2  3  5  6 
 -77.510    0.000  263.05  1013.25 
 1.01300E+03  263.05  2.78917E+19  1.188E+03  3.700E+02  4.600E-02  7.626E-01  1.765E+00
 9.55120E+02  258.35  2.67765E+19  9.263E+02  3.700E+02  4.900E-02  7.350E-01  1.731E+00
 9.00330E+02  255.25  2.55470E+19  8.485E+02  3.700E+02  5.200E-02  7.095E-01  1.707E+00
 8.48690E+02  252.65  2.43295E+19  8.317E+02  3.700E+02  5.500E-02  6.858E-01  1.693E+00
 8.00000E+02  250.55  2.31259E+19  6.335E+02  3.700E+02  5.800E-02  6.636E-01  1.688E+00
 7.24780E+02  245.95  2.13434E+19  4.672E+02  3.700E+02  6.300E-02  6.293E-01  1.694E+00
 6.51040E+02  241.25  1.95454E+19  3.864E+02  3.700E+02  6.900E-02  5.945E-01  1.720E+00
 5.84800E+02  237.85  1.78077E+19  2.401E+02  3.700E+02  7.400E-02  5.611E-01  1.757E+00
 5.25000E+02  232.85  1.63300E+19  2.550E+01  3.700E+02  8.000E-02  5.271E-01  1.800E+00
 4.71860E+02  228.55  1.49533E+19  4.697E+00  3.700E+02  1.200E-01  4.892E-01  1.844E+00
 4.23850E+02  224.75  1.36589E+19  3.206E+00  3.700E+02  1.900E-01  4.444E-01  1.880E+00
 3.80730E+02  221.25  1.24634E+19  2.529E+00  3.700E+02  2.600E-01  3.921E-01  1.903E+00
 3.41990E+02  218.45  1.13387E+19  1.793E+00  3.700E+02  3.200E-01  3.384E-01  1.905E+00
 3.07200E+02  217.35  1.02368E+19  2.894E+00  3.700E+02  3.900E-01  2.929E-01  1.890E+00
 2.75950E+02  215.65  9.26797E+18  3.216E+00  3.700E+02  4.900E-01  2.594E-01  1.861E+00
 2.47870E+02  213.95  8.39103E+18  3.216E+00  3.700E+02  5.900E-01  2.333E-01  1.824E+00
 2.22650E+02  214.25  7.52672E+18  3.200E+00  3.700E+02  6.900E-01  2.101E-01  1.782E+00
 2.00000E+02  214.45  6.75473E+18  3.100E+00  3.700E+02  8.000E-01  1.867E-01  1.736E+00
 1.61990E+02  215.45  5.44560E+18  3.000E+00  3.700E+02  1.400E+00  1.329E-01  1.656E+00
 1.31200E+02  219.05  4.33805E+18  3.100E+00  3.700E+02  2.000E+00  8.088E-02  1.598E+00
 1.06270E+02  223.96  3.43672E+18  2.600E+00  3.700E+02  2.700E+00  5.468E-02  1.566E+00
 8.60700E+01  231.36  2.69443E+18  2.200E+00  3.700E+02  3.500E+00  3.453E-02  1.565E+00
 6.97100E+01  239.14  2.11128E+18  2.300E+00  3.700E+02  4.300E+00  2.009E-02  1.586E+00
 5.64600E+01  242.46  1.68657E+18  3.100E+00  3.700E+02  5.200E+00  1.330E-02  1.543E+00
 4.57300E+01  244.04  1.35720E+18  3.400E+00  3.700E+02  6.400E+00  1.081E-02  1.399E+00
 3.70400E+01  243.75  1.10060E+18  2.700E+00  3.700E+02  7.400E+00  9.931E-03  1.265E+00
 2.47900E+01  245.83  7.30374E+17  2.800E+00  3.700E+02  8.100E+00  9.935E-03  1.106E+00
 1.66000E+01  247.81  4.85169E+17  2.900E+00  3.700E+02  8.300E+00  1.152E-02  1.032E+00
 1.11100E+01  250.73  3.20931E+17  2.400E+00  3.700E+02  8.400E+00  1.450E-02  9.597E-01
 7.43000E+00  256.78  2.09571E+17  2.600E+00  3.700E+02  8.100E+00  1.839E-02  8.388E-01
 4.98000E+00  258.10  1.39748E+17  3.500E+00  3.700E+02  6.900E+00  2.337E-02  7.001E-01
 3.33000E+00  253.64  9.50890E+16  3.600E+00  3.700E+02  5.700E+00  2.970E-02  5.836E-01
 2.23000E+00  247.56  6.52421E+16  3.700E+00  3.700E+02  4.900E+00  3.612E-02  4.810E-01
 1.50000E+00  242.86  4.47341E+16  3.200E+00  3.700E+02  5.100E+00  4.159E-02  3.366E-01
 1.00000E+00  238.72  3.03400E+16  2.400E+00  3.700E+02  5.200E+00  4.953E-02  2.645E-01
 5.50000E-01  240.18  1.65855E+16  2.200E+00  3.700E+02  2.400E+00  7.277E-02  2.152E-01
 3.00000E-01  235.40  9.23036E+15  2.800E+00  3.700E+02  1.400E+00  1.044E-01  1.748E-01
 1.70000E-01  228.54  5.38754E+15  3.700E+00  3.700E+02  1.100E+00  1.502E-01  1.638E-01
 9.00000E-02  220.86  2.95141E+15  3.100E+00  3.700E+02  1.000E+00  2.507E-01  1.633E-01
 5.00000E-02  213.76  1.69413E+15  3.100E+00  3.700E+02  7.000E-01  4.083E-01  1.676E-01
 2.40000E-02  202.66  8.57723E+14  4.300E+00  3.700E+02  4.800E-01  8.925E-01  1.727E-01
 1.05000E-02  192.86  3.94322E+14  3.900E+00  3.678E+02  3.900E-01  2.662E+00  1.711E-01
 1.84000E-03  181.16  7.35630E+13  2.900E+00  3.476E+02  7.000E-01  8.064E+00  1.414E-01
