! TIGR profile number 1291 
! Created using makeprof_tigr and database tigr.fdata.new 
! fake O3 
! Fake 1065 mb data to prevent H2O interpolation saturation  
! This file last updated July 2000
'P'  44  5 
 1  2  3  5  6 
 -74.360    0.000 
 1.06500E+03  251.00  3.07312E+19  2.500E+02  3.700E+02  5.000E-02  2.030E-01  1.853E+00
 1.01300E+03  250.62  2.92750E+19  2.638E+02  3.700E+02  5.000E-02  2.048E-01  1.840E+00
 9.55120E+02  250.26  2.76421E+19  6.573E+02  3.700E+02  5.500E-02  2.066E-01  1.819E+00
 9.00330E+02  252.55  2.58201E+19  7.793E+02  3.700E+02  6.000E-02  2.082E-01  1.800E+00
 8.48690E+02  254.04  2.41964E+19  7.564E+02  3.700E+02  6.500E-02  2.097E-01  1.783E+00
 8.00000E+02  253.63  2.28451E+19  1.102E+03  3.700E+02  7.000E-02  2.110E-01  1.767E+00
 7.24780E+02  251.56  2.08674E+19  1.054E+03  3.700E+02  7.700E-02  2.127E-01  1.744E+00
 6.51040E+02  248.41  1.89820E+19  8.409E+02  3.700E+02  8.500E-02  2.137E-01  1.725E+00
 5.84800E+02  245.71  1.72381E+19  7.155E+02  3.700E+02  9.200E-02  2.138E-01  1.709E+00
 5.25000E+02  242.06  1.57087E+19  4.884E+02  3.700E+02  1.000E-01  2.126E-01  1.698E+00
 4.71860E+02  236.88  1.44274E+19  2.877E+02  3.700E+02  1.400E-01  2.102E-01  1.691E+00
 4.23850E+02  230.36  1.33263E+19  1.659E+02  3.700E+02  2.100E-01  2.063E-01  1.687E+00
 3.80730E+02  224.79  1.22672E+19  8.423E+01  3.700E+02  2.900E-01  2.010E-01  1.687E+00
 3.41990E+02  220.71  1.12226E+19  5.275E+01  3.700E+02  3.600E-01  1.942E-01  1.689E+00
 3.07200E+02  218.21  1.01965E+19  3.527E+01  3.700E+02  4.300E-01  1.857E-01  1.694E+00
 2.75950E+02  217.20  9.20183E+18  2.556E+01  3.700E+02  5.400E-01  1.755E-01  1.702E+00
 2.47870E+02  216.55  8.29029E+18  1.853E+01  3.700E+02  6.600E-01  1.638E-01  1.711E+00
 2.22650E+02  215.20  7.49349E+18  1.343E+01  3.700E+02  7.800E-01  1.503E-01  1.724E+00
 2.00000E+02  213.86  6.77336E+18  9.732E+00  3.700E+02  9.000E-01  1.345E-01  1.736E+00
 1.61990E+02  211.66  5.54311E+18  5.171E+00  3.700E+02  1.600E+00  9.753E-02  1.756E+00
 1.31200E+02  208.44  4.55886E+18  2.800E+00  3.700E+02  2.300E+00  6.555E-02  1.757E+00
 1.06270E+02  204.64  3.76118E+18  3.200E+00  3.700E+02  3.000E+00  4.789E-02  1.724E+00
 8.60700E+01  201.02  3.10110E+18  4.200E+00  3.700E+02  3.900E+00  3.954E-02  1.653E+00
 6.97100E+01  197.53  2.55603E+18  3.900E+00  3.700E+02  4.800E+00  3.354E-02  1.572E+00
 5.64600E+01  196.53  2.08073E+18  3.600E+00  3.700E+02  5.800E+00  2.745E-02  1.510E+00
 4.57300E+01  194.83  1.70000E+18  3.100E+00  3.700E+02  7.200E+00  2.289E-02  1.492E+00
 3.70400E+01  192.19  1.39587E+18  2.500E+00  3.700E+02  8.600E+00  2.004E-02  1.504E+00
 2.47900E+01  191.67  9.36755E+17  3.200E+00  3.700E+02  9.500E+00  1.576E-02  1.371E+00
 1.66000E+01  189.04  6.36002E+17  3.500E+00  3.700E+02  1.100E+01  1.303E-02  9.564E-01
 1.11100E+01  196.33  4.09856E+17  3.000E+00  3.700E+02  1.100E+01  1.206E-02  9.312E-01
 7.43000E+00  203.85  2.63987E+17  2.800E+00  3.700E+02  1.100E+01  1.212E-02  8.735E-01
 4.98000E+00  216.93  1.66270E+17  2.700E+00  3.700E+02  1.000E+01  1.273E-02  7.711E-01
 3.33000E+00  226.93  1.06281E+17  2.700E+00  3.700E+02  9.000E+00  1.611E-02  6.454E-01
 2.23000E+00  235.83  6.84872E+16  2.800E+00  3.700E+02  8.000E+00  2.621E-02  4.986E-01
 1.50000E+00  243.20  4.46716E+16  2.900E+00  3.700E+02  6.500E+00  3.245E-02  4.000E-01
 1.00000E+00  250.48  2.89155E+16  3.500E+00  3.700E+02  5.500E+00  3.907E-02  3.155E-01
 5.50000E-01  259.28  1.53638E+16  3.600E+00  3.700E+02  3.300E+00  6.289E-02  2.064E-01
 3.00000E-01  251.80  8.62918E+15  3.300E+00  3.700E+02  1.500E+00  9.084E-02  1.691E-01
 1.70000E-01  241.04  5.10815E+15  2.900E+00  3.700E+02  1.300E+00  1.412E-01  1.487E-01
 9.00000E-02  228.99  2.84662E+15  3.000E+00  3.700E+02  1.100E+00  2.501E-01  1.471E-01
 5.00000E-02  217.85  1.66233E+15  3.000E+00  3.700E+02  7.700E-01  3.444E-01  1.526E-01
 2.40000E-02  206.75  8.40755E+14  2.400E+00  3.700E+02  4.000E-01  4.705E-01  1.567E-01
 1.05000E-02  196.95  3.86133E+14  2.400E+00  3.678E+02  4.900E-01  7.464E-01  1.573E-01
 1.84000E-03  185.25  7.19388E+13  3.000E+00  3.476E+02  8.800E-01  4.545E+00  1.513E-01
