! TIGR profile number 1652 
! Created using makeprof_tigr and database tigr.fdata.new 
! O3 (9<P<680) based on NOAA sonde South Pole 11 Oct 2001 as814 truncated at 0.03
! 
! This file last updated February 2002 (ozone only; otherwise July 2000)
'P'  43  5 
 1  2  3  5  6 
 -62.120    0.000  258.95  1013.25 
 1.01300E+03  258.95  2.83333E+19  1.618E+03  3.700E+02  2.400E-02  4.701E-01  1.925E+00
 9.55120E+02  256.25  2.69959E+19  1.321E+03  3.700E+02  2.500E-02  4.681E-01  1.897E+00
 9.00330E+02  253.55  2.57183E+19  1.062E+03  3.700E+02  2.600E-02  4.665E-01  1.879E+00
 8.48690E+02  252.05  2.43874E+19  9.362E+02  3.700E+02  2.650E-02  4.650E-01  1.870E+00
 8.00000E+02  248.45  2.33214E+19  7.675E+02  3.700E+02  2.700E-02  4.631E-01  1.867E+00
 7.24780E+02  242.85  2.16158E+19  5.080E+02  3.700E+02  2.800E-02  4.582E-01  1.876E+00
 6.51040E+02  238.35  1.97832E+19  3.044E+02  3.700E+02  3.000E-02  4.487E-01  1.900E+00
 5.84800E+02  236.55  1.79056E+19  1.871E+02  3.700E+02  3.100E-02  4.332E-01  1.933E+00
 5.25000E+02  232.75  1.63370E+19  1.175E+02  3.700E+02  3.300E-02  4.101E-01  1.969E+00
 4.71860E+02  228.25  1.49729E+19  7.453E+01  3.700E+02  3.300E-02  3.793E-01  2.002E+00
 4.23850E+02  223.55  1.37322E+19  4.505E+01  3.700E+02  3.200E-02  3.401E-01  2.024E+00
 3.80730E+02  219.55  1.25599E+19  2.995E+01  3.700E+02  3.300E-02  2.894E-01  2.030E+00
 3.41990E+02  216.55  1.14382E+19  2.243E+01  3.700E+02  3.200E-02  2.280E-01  2.011E+00
 3.07200E+02  215.35  1.03319E+19  2.142E+01  3.700E+02  3.200E-02  1.737E-01  1.962E+00
 2.75950E+02  212.75  9.39430E+18  1.553E+01  3.700E+02  3.500E-02  1.391E-01  1.880E+00
 2.47870E+02  210.05  8.54683E+18  1.125E+01  3.700E+02  4.500E-02  1.172E-01  1.785E+00
 2.22650E+02  209.55  7.69553E+18  8.157E+00  3.700E+02  5.200E-02  9.950E-02  1.702E+00
 2.00000E+02  209.05  6.92921E+18  5.912E+00  3.700E+02  6.000E-02  8.171E-02  1.645E+00
 1.61990E+02  206.25  5.68850E+18  3.216E+00  3.700E+02  2.300E-01  5.382E-02  1.596E+00
 1.31200E+02  205.15  4.63197E+18  2.800E+00  3.700E+02  1.900E-01  3.976E-02  1.580E+00
 1.06270E+02  202.15  3.80751E+18  2.300E+00  3.700E+02  6.000E-02  3.180E-02  1.560E+00
 8.60700E+01  199.65  3.12238E+18  2.200E+00  3.700E+02  3.300E-02  2.580E-02  1.526E+00
 6.97100E+01  199.65  2.52889E+18  2.600E+00  3.700E+02  3.000E-02  2.122E-02  1.477E+00
 5.64600E+01  200.65  2.03801E+18  3.200E+00  3.700E+02  3.000E-02  1.805E-02  1.411E+00
 4.57300E+01  199.95  1.65647E+18  2.900E+00  3.700E+02  3.300E-02  1.630E-02  1.340E+00
 3.70400E+01  197.26  1.35999E+18  2.200E+00  3.700E+02  9.000E-02  1.610E-02  1.276E+00
 2.47900E+01  203.24  8.83427E+17  2.600E+00  3.700E+02  2.500E+00  1.903E-02  1.147E+00
 1.66000E+01  213.60  5.62874E+17  2.800E+00  3.700E+02  2.950E+00  2.413E-02  9.510E-01
 1.11100E+01  225.61  3.56664E+17  3.200E+00  3.700E+02  3.650E+00  3.108E-02  8.365E-01
 7.43000E+00  241.41  2.22914E+17  3.800E+00  3.700E+02  3.800E+00  3.877E-02  7.539E-01
 4.98000E+00  253.91  1.42054E+17  2.900E+00  3.700E+02  3.900E+00  4.446E-02  6.829E-01
 3.33000E+00  259.28  9.30206E+16  2.100E+00  3.700E+02  4.200E+00  4.808E-02  6.034E-01
 2.23000E+00  261.05  6.18707E+16  2.400E+00  3.700E+02  4.000E+00  5.119E-02  4.135E-01
 1.50000E+00  257.90  4.21254E+16  2.400E+00  3.700E+02  3.600E+00  5.566E-02  3.194E-01
 1.00000E+00  253.16  2.86094E+16  2.400E+00  3.700E+02  3.000E+00  6.338E-02  2.190E-01
 5.50000E-01  247.40  1.61015E+16  2.700E+00  3.700E+02  2.200E+00  8.652E-02  1.562E-01
 3.00000E-01  236.93  9.17075E+15  3.500E+00  3.700E+02  1.200E+00  1.227E-01  1.385E-01
 1.70000E-01  226.29  5.44111E+15  4.100E+00  3.700E+02  8.000E-01  1.531E-01  1.330E-01
 9.00000E-02  214.38  3.04062E+15  3.500E+00  3.700E+02  5.900E-01  2.127E-01  1.372E-01
 5.00000E-02  203.37  1.78068E+15  2.600E+00  3.700E+02  3.700E-01  3.253E-01  1.447E-01
 2.40000E-02  192.27  9.04073E+14  2.300E+00  3.700E+02  1.600E-01  5.688E-01  1.552E-01
 1.05000E-02  182.47  4.16775E+14  2.800E+00  3.678E+02  3.000E-01  1.184E+00  1.660E-01
 1.84000E-03  170.77  7.80387E+13  3.100E+00  3.476E+02  6.000E-01  4.919E+00  1.670E-01
