! TIGR profile number 1538 
! Created using makeprof_tigr and database tigr.fdata.new 
! Ozone (3.6 < P < 687) from NOAA sonde South Pole 30 April 1999 as630
! 
! This file last updated February 2002 (ozone only; otherwise July 2000)
'P'  43  5 
 1  2  3  5  6 
 -67.400    0.000  252.65  1013.25 
 1.01300E+03  252.65  2.90398E+19  8.564E+02  3.700E+02  1.200E-02  2.837E-01  2.159E+00
 9.55120E+02  252.95  2.73481E+19  1.040E+03  3.700E+02  1.200E-02  2.799E-01  2.183E+00
 9.00330E+02  252.95  2.57793E+19  1.022E+03  3.700E+02  1.250E-02  2.718E-01  2.200E+00
 8.48690E+02  252.95  2.43007E+19  8.400E+02  3.700E+02  1.300E-02  2.606E-01  2.211E+00
 8.00000E+02  255.35  2.26912E+19  9.272E+02  3.700E+02  1.400E-02  2.471E-01  2.215E+00
 7.24780E+02  255.25  2.05657E+19  8.303E+02  3.700E+02  1.500E-02  2.218E-01  2.209E+00
 6.51040E+02  250.85  1.87974E+19  5.960E+02  3.700E+02  1.600E-02  1.940E-01  2.186E+00
 5.84800E+02  245.25  1.72704E+19  3.988E+02  3.700E+02  1.800E-02  1.687E-01  2.154E+00
 5.25000E+02  239.85  1.58534E+19  2.645E+02  3.700E+02  2.200E-02  1.477E-01  2.114E+00
 4.71860E+02  234.45  1.45770E+19  1.695E+02  3.700E+02  2.400E-02  1.322E-01  2.072E+00
 4.23850E+02  229.34  1.33856E+19  1.102E+02  3.700E+02  2.600E-02  1.216E-01  2.030E+00
 3.80730E+02  224.75  1.22693E+19  7.375E+01  3.700E+02  3.200E-02  1.128E-01  1.992E+00
 3.41990E+02  220.75  1.12206E+19  5.233E+01  3.700E+02  3.800E-02  1.020E-01  1.961E+00
 3.07200E+02  217.05  1.02510E+19  3.812E+01  3.700E+02  7.600E-02  8.686E-02  1.941E+00
 2.75950E+02  214.45  9.31983E+18  2.763E+01  3.700E+02  2.000E-01  6.920E-02  1.933E+00
 2.47870E+02  212.35  8.45426E+18  2.003E+01  3.700E+02  2.400E-01  5.406E-02  1.938E+00
 2.22650E+02  211.65  7.61918E+18  1.451E+01  3.700E+02  2.550E-01  4.358E-02  1.946E+00
 2.00000E+02  211.05  6.86354E+18  1.052E+01  3.700E+02  2.600E-01  3.692E-02  1.954E+00
 1.61990E+02  210.35  5.57763E+18  5.590E+00  3.700E+02  3.500E-01  2.937E-02  1.947E+00
 1.31200E+02  209.55  4.53471E+18  3.000E+00  3.700E+02  4.400E-01  2.477E-02  1.906E+00
 1.06270E+02  208.85  3.68536E+18  2.700E+00  3.700E+02  8.600E-01  2.098E-02  1.842E+00
 8.60700E+01  206.24  3.02261E+18  2.800E+00  3.700E+02  1.200E+00  1.731E-02  1.769E+00
 6.97100E+01  203.05  2.48654E+18  3.400E+00  3.700E+02  1.850E+00  1.444E-02  1.691E+00
 5.64600E+01  200.14  2.04320E+18  4.100E+00  3.700E+02  2.160E+00  1.276E-02  1.609E+00
 4.57300E+01  197.86  1.67397E+18  3.600E+00  3.700E+02  2.300E+00  1.190E-02  1.523E+00
 3.70400E+01  196.06  1.36831E+18  2.600E+00  3.700E+02  2.300E+00  1.149E-02  1.433E+00
 2.47900E+01  195.35  9.19108E+17  2.600E+00  3.700E+02  2.200E+00  1.140E-02  1.277E+00
 1.66000E+01  200.95  5.98307E+17  2.800E+00  3.700E+02  2.700E+00  1.192E-02  1.167E+00
 1.11100E+01  208.06  3.86749E+17  3.400E+00  3.700E+02  3.450E+00  1.282E-02  1.090E+00
 7.43000E+00  222.95  2.41371E+17  4.200E+00  3.700E+02  3.650E+00  1.405E-02  8.694E-01
 4.98000E+00  237.65  1.51773E+17  3.100E+00  3.700E+02  4.150E+00  1.580E-02  6.884E-01
 3.33000E+00  247.31  9.75228E+16  2.600E+00  3.700E+02  4.900E+00  1.831E-02  5.806E-01
 2.23000E+00  254.22  6.35329E+16  3.700E+00  3.700E+02  5.000E+00  2.166E-02  4.893E-01
 1.50000E+00  255.93  4.24496E+16  3.200E+00  3.700E+02  5.200E+00  2.605E-02  4.018E-01
 1.00000E+00  255.99  2.82931E+16  3.200E+00  3.700E+02  4.800E+00  3.352E-02  2.770E-01
 5.50000E-01  253.11  1.57383E+16  4.200E+00  3.700E+02  2.900E+00  5.341E-02  1.821E-01
 3.00000E-01  243.17  8.93542E+15  3.800E+00  3.700E+02  1.600E+00  9.384E-02  1.549E-01
 1.70000E-01  232.60  5.29350E+15  3.600E+00  3.700E+02  1.000E+00  1.929E-01  1.441E-01
 9.00000E-02  220.77  2.95261E+15  3.400E+00  3.700E+02  8.600E-01  3.460E-01  1.393E-01
 5.00000E-02  209.83  1.72586E+15  2.800E+00  3.700E+02  7.300E-01  5.112E-01  1.397E-01
 2.40000E-02  198.73  8.74685E+14  2.600E+00  3.700E+02  5.900E-01  6.467E-01  1.442E-01
 1.05000E-02  188.93  4.02524E+14  2.500E+00  3.678E+02  5.300E-01  9.845E-01  1.514E-01
 1.84000E-03  177.23  7.51942E+13  3.400E+00  3.476E+02  9.200E-01  7.998E+00  1.540E-01
