! AIRS FTC regression profile 43 
! fake profiles except O3 (7 < P < 695 mb) from NOAA sonde South Pole 18 July 2001 as790
! all mixing ratios for dry air 
! top two layers are based on offset AFGL US STANDARD 
! This file last updated February 2002 (ozone only; otherwise July 2000)
'P' 102  5 
 1  2  3  5  6 
 40.0  0.0 
 1.08539E+03  246.43  3.19011E+19  1.500E+02  3.700E+02  2.600E-02  2.843E-01  2.149E+00
 1.05651E+03  246.56  3.10356E+19  1.600E+02  3.700E+02  2.600E-02  2.801E-01  2.101E+00
 1.02802E+03  246.63  3.01897E+19  1.700E+02  3.700E+02  2.600E-02  2.761E-01  2.054E+00
 9.99942E+02  246.65  2.93631E+19  1.600E+02  3.700E+02  2.600E-02  2.722E-01  2.010E+00
 9.72265E+02  246.60  2.85558E+19  1.500E+02  3.700E+02  2.600E-02  2.684E-01  1.969E+00
 9.44993E+02  246.49  2.77676E+19  1.300E+02  3.700E+02  2.600E-02  2.648E-01  1.930E+00
 9.18130E+02  246.30  2.69985E+19  1.000E+02  3.700E+02  2.600E-02  2.612E-01  1.894E+00
 8.91678E+02  246.04  2.62483E+19  9.000E+01  3.700E+02  2.600E-02  2.577E-01  1.860E+00
 8.65640E+02  245.71  2.55168E+19  8.000E+01  3.700E+02  2.620E-02  2.543E-01  1.829E+00
 8.40016E+02  245.28  2.48040E+19  7.000E+01  3.700E+02  2.640E-02  2.510E-01  1.799E+00
 8.14807E+02  244.78  2.41095E+19  6.500E+01  3.700E+02  2.670E-02  2.477E-01  1.771E+00
 7.90016E+02  244.18  2.34333E+19  6.000E+01  3.700E+02  2.700E-02  2.444E-01  1.746E+00
 7.65645E+02  243.48  2.27750E+19  5.500E+01  3.700E+02  2.750E-02  2.412E-01  1.722E+00
 7.41694E+02  242.69  2.21346E+19  5.000E+01  3.700E+02  2.800E-02  2.380E-01  1.700E+00
 7.18163E+02  241.80  2.15116E+19  4.700E+01  3.700E+02  2.900E-02  2.347E-01  1.681E+00
 6.95054E+02  240.80  2.09059E+19  4.400E+01  3.700E+02  3.000E-02  2.315E-01  1.663E+00
 6.72367E+02  239.69  2.03173E+19  4.100E+01  3.700E+02  3.150E-02  2.282E-01  1.648E+00
 6.50103E+02  238.47  1.97446E+19  3.900E+01  3.700E+02  3.200E-02  2.249E-01  1.634E+00
 6.28264E+02  237.17  1.91857E+19  3.600E+01  3.700E+02  3.200E-02  2.214E-01  1.621E+00
 6.06847E+02  235.82  1.86382E+19  3.300E+01  3.700E+02  3.200E-02  2.179E-01  1.610E+00
 5.85854E+02  234.43  1.81001E+19  3.000E+01  3.700E+02  3.250E-02  2.143E-01  1.601E+00
 5.65284E+02  233.03  1.75695E+19  2.700E+01  3.700E+02  3.300E-02  2.106E-01  1.594E+00
 5.45139E+02  231.64  1.70446E+19  2.500E+01  3.700E+02  3.400E-02  2.067E-01  1.588E+00
 5.25416E+02  230.29  1.65246E+19  2.300E+01  3.700E+02  3.500E-02  2.027E-01  1.584E+00
 5.06114E+02  228.97  1.60093E+19  2.100E+01  3.700E+02  3.500E-02  1.985E-01  1.582E+00
 4.87235E+02  227.69  1.54988E+19  1.900E+01  3.700E+02  3.450E-02  1.941E-01  1.581E+00
 4.68777E+02  226.45  1.49931E+19  1.700E+01  3.700E+02  3.400E-02  1.895E-01  1.582E+00
 4.50738E+02  225.26  1.44923E+19  1.500E+01  3.700E+02  3.400E-02  1.847E-01  1.584E+00
 4.33118E+02  224.13  1.39965E+19  1.400E+01  3.700E+02  3.400E-02  1.796E-01  1.588E+00
 4.15914E+02  223.04  1.35057E+19  1.300E+01  3.700E+02  3.450E-02  1.743E-01  1.594E+00
 3.99125E+02  222.02  1.30204E+19  1.200E+01  3.700E+02  3.500E-02  1.687E-01  1.600E+00
 3.82751E+02  221.03  1.25421E+19  1.100E+01  3.700E+02  3.550E-02  1.629E-01  1.608E+00
 3.66789E+02  220.04  1.20732E+19  1.000E+01  3.700E+02  3.600E-02  1.568E-01  1.618E+00
 3.51236E+02  219.01  1.16156E+19  9.500E+00  3.700E+02  3.800E-02  1.505E-01  1.630E+00
 3.36091E+02  217.90  1.11712E+19  9.000E+00  3.700E+02  3.850E-02  1.439E-01  1.641E+00
 3.21351E+02  216.68  1.07415E+19  8.500E+00  3.700E+02  4.000E-02  1.370E-01  1.655E+00
 3.07015E+02  215.31  1.03274E+19  8.000E+00  3.700E+02  4.200E-02  1.300E-01  1.670E+00
 2.93078E+02  213.84  9.92646E+18  7.500E+00  3.700E+02  4.300E-02  1.227E-01  1.686E+00
 2.79537E+02  212.33  9.53511E+18  7.000E+00  3.700E+02  4.800E-02  1.152E-01  1.703E+00
 2.66392E+02  210.86  9.14999E+18  6.500E+00  3.700E+02  5.800E-02  1.076E-01  1.721E+00
 2.53637E+02  209.51  8.76828E+18  5.965E+00  3.700E+02  8.500E-02  9.988E-02  1.739E+00
 2.41270E+02  208.34  8.38756E+18  5.319E+00  3.700E+02  1.100E-01  9.206E-02  1.758E+00
 2.29287E+02  207.42  8.00631E+18  4.686E+00  3.700E+02  1.350E-01  8.425E-02  1.778E+00
 2.17685E+02  206.73  7.62648E+18  3.946E+00  3.700E+02  1.750E-01  7.659E-02  1.797E+00
 2.06459E+02  206.21  7.25136E+18  3.219E+00  3.700E+02  1.950E-01  6.919E-02  1.816E+00
 1.95606E+02  205.81  6.88379E+18  2.636E+00  3.700E+02  2.100E-01  6.218E-02  1.835E+00
 1.85122E+02  205.45  6.52617E+18  2.221E+00  3.700E+02  2.400E-01  5.569E-02  1.852E+00
 1.75001E+02  205.09  6.18029E+18  1.980E+00  3.700E+02  3.000E-01  4.980E-02  1.869E+00
 1.65241E+02  204.71  5.84630E+18  1.883E+00  3.700E+02  4.000E-01  4.455E-02  1.883E+00
 1.55836E+02  204.33  5.52375E+18  1.862E+00  3.700E+02  4.800E-01  3.993E-02  1.894E+00
 1.46780E+02  203.96  5.21218E+18  1.875E+00  3.700E+02  5.300E-01  3.589E-02  1.903E+00
 1.38072E+02  203.62  4.91130E+18  1.898E+00  3.700E+02  6.100E-01  3.237E-02  1.908E+00
 1.29703E+02  203.30  4.62077E+18  1.877E+00  3.700E+02  7.400E-01  2.922E-02  1.908E+00
 1.21669E+02  203.03  4.34023E+18  1.832E+00  3.700E+02  8.500E-01  2.631E-02  1.902E+00
 1.13965E+02  202.83  4.06946E+18  1.767E+00  3.700E+02  1.000E+00  2.358E-02  1.890E+00
 1.06586E+02  202.71  3.80821E+18  1.698E+00  3.700E+02  1.100E+00  2.095E-02  1.872E+00
 9.95256E+01  202.69  3.55635E+18  1.636E+00  3.700E+02  1.200E+00  1.841E-02  1.844E+00
 9.27780E+01  202.78  3.31375E+18  1.586E+00  3.700E+02  1.300E+00  1.602E-02  1.810E+00
 8.63375E+01  203.00  3.08034E+18  1.559E+00  3.700E+02  1.400E+00  1.390E-02  1.763E+00
 8.01979E+01  203.37  2.85610E+18  1.548E+00  3.700E+02  1.600E+00  1.211E-02  1.706E+00
 7.43533E+01  203.90  2.64108E+18  1.560E+00  3.700E+02  1.800E+00  1.067E-02  1.640E+00
 6.87970E+01  204.60  2.43537E+18  1.573E+00  3.700E+02  2.000E+00  9.570E-03  1.566E+00
 6.35228E+01  205.48  2.23909E+18  1.603E+00  3.700E+02  2.100E+00  8.778E-03  1.488E+00
 5.85241E+01  206.54  2.05230E+18  1.622E+00  3.700E+02  2.200E+00  8.222E-03  1.410E+00
 5.37942E+01  207.80  1.87494E+18  1.642E+00  3.700E+02  2.250E+00  7.838E-03  1.339E+00
 4.93262E+01  209.42  1.70592E+18  1.649E+00  3.700E+02  2.400E+00  7.577E-03  1.277E+00
 4.51132E+01  211.62  1.54403E+18  1.639E+00  3.700E+02  2.500E+00  7.399E-03  1.224E+00
 4.11484E+01  214.61  1.38868E+18  1.617E+00  3.700E+02  2.670E+00  7.276E-03  1.181E+00
 3.74246E+01  218.52  1.24044E+18  1.592E+00  3.700E+02  2.700E+00  7.193E-03  1.145E+00
 3.39345E+01  222.76  1.10333E+18  1.575E+00  3.700E+02  2.700E+00  7.133E-03  1.112E+00
 3.06707E+01  226.54  9.80570E+17  1.582E+00  3.700E+02  2.750E+00  7.082E-03  1.081E+00
 2.76260E+01  229.55  8.71640E+17  1.617E+00  3.700E+02  2.800E+00  7.044E-03  1.055E+00
 2.47927E+01  231.91  7.74291E+17  1.686E+00  3.700E+02  2.800E+00  7.025E-03  1.031E+00
 2.21634E+01  233.75  6.86741E+17  1.797E+00  3.700E+02  2.800E+00  7.034E-03  1.009E+00
 1.97305E+01  235.19  6.07604E+17  1.954E+00  3.700E+02  2.900E+00  7.075E-03  9.895E-01
 1.74862E+01  236.37  5.35797E+17  2.099E+00  3.700E+02  3.000E+00  7.150E-03  9.712E-01
 1.54228E+01  237.42  4.70483E+17  2.163E+00  3.700E+02  3.200E+00  7.265E-03  9.529E-01
 1.35325E+01  238.48  4.10986E+17  2.093E+00  3.700E+02  3.420E+00  7.427E-03  9.336E-01
 1.18074E+01  239.70  3.56776E+17  1.940E+00  3.700E+02  3.700E+00  7.648E-03  9.111E-01
 1.02397E+01  241.22  3.07450E+17  1.773E+00  3.700E+02  4.100E+00  7.942E-03  8.834E-01
 8.82158E+00  243.21  2.62708E+17  1.666E+00  3.700E+02  4.390E+00  8.329E-03  8.443E-01
 7.54497E+00  245.80  2.22318E+17  1.602E+00  3.700E+02  4.700E+00  8.832E-03  7.851E-01
 6.40200E+00  249.16  1.86097E+17  1.562E+00  3.700E+02  4.600E+00  9.476E-03  7.023E-01
 5.38483E+00  253.27  1.53990E+17  1.529E+00  3.700E+02  4.400E+00  1.027E-02  6.153E-01
 4.48550E+00  257.62  1.26107E+17  1.490E+00  3.700E+02  4.100E+00  1.125E-02  5.469E-01
 3.69615E+00  261.59  1.02337E+17  1.454E+00  3.700E+02  3.700E+00  1.242E-02  5.028E-01
 3.00906E+00  264.66  8.23472E+16  1.423E+00  3.700E+02  3.400E+00  1.377E-02  4.776E-01
 2.41639E+00  266.40  6.56953E+16  1.401E+00  3.700E+02  2.900E+00  1.530E-02  4.469E-01
 1.91046E+00  266.52  5.19172E+16  1.389E+00  3.700E+02  2.600E+00  1.703E-02  3.709E-01
 1.48367E+00  265.36  4.04950E+16  1.380E+00  3.700E+02  2.100E+00  1.895E-02  2.788E-01
 1.12861E+00  263.47  3.10253E+16  1.377E+00  3.700E+02  1.900E+00  2.104E-02  2.167E-01
 8.37871E-01  261.10  2.32423E+16  1.392E+00  3.700E+02  1.400E+00  2.333E-02  1.830E-01
 6.04268E-01  258.27  1.69454E+16  1.413E+00  3.700E+02  1.200E+00  2.607E-02  1.668E-01
 4.20779E-01  255.12  1.19456E+16  1.405E+00  3.700E+02  8.100E-01  3.020E-02  1.566E-01
 2.80565E-01  252.06  8.06184E+15  1.371E+00  3.700E+02  5.500E-01  3.847E-02  1.475E-01
 1.77120E-01  249.38  5.14417E+15  1.383E+00  3.700E+02  4.450E-01  5.696E-02  1.406E-01
 1.04074E-01  244.85  3.07849E+15  1.545E+00  3.700E+02  4.400E-01  9.383E-02  1.426E-01
 5.54397E-02  235.62  1.70419E+15  1.968E+00  3.700E+02  3.100E-01  1.498E-01  1.493E-01
 2.56547E-02  224.25  8.28569E+14  2.594E+00  3.700E+02  3.000E-01  2.627E-01  1.536E-01
 9.49220E-03  199.43  3.44731E+14  2.841E+00  3.663E+02  2.600E-01  8.447E-01  1.644E-01
 4.46000E-03  190.42  1.69640E+14  1.651E+00  3.588E+02  2.800E-01  2.174E+00  1.717E-01
 1.84000E-03  187.51  7.10727E+13  9.320E-01  3.476E+02  2.900E-01  4.902E+00  1.651E-01
