! AIRS FTC regression profile 44 
! fake profiles except O3 (P > 5 mb) from NOAA sonde Samoa 8 Feb 1996 sa024
! All mixing ratio for dry air
! top two layers are based on offset AFGL US STANDARD 
! This file last updated March 2002 (ozone & methane only)
'P' 102  5 
 1  2  3  5  6 
 40.0  0.0 
 1.08539E+03  283.24  2.77546E+19  2.423E+03  3.700E+02  6.000E-03  1.348E-01  2.111E+00
 1.05651E+03  282.59  2.70782E+19  2.232E+03  3.700E+02  6.000E-03  1.356E-01  2.107E+00
 1.02802E+03  282.20  2.63842E+19  2.177E+03  3.700E+02  6.000E-03  1.365E-01  2.104E+00
 9.99942E+02  281.98  2.56841E+19  2.121E+03  3.700E+02  6.100E-03  1.376E-01  2.101E+00
 9.72265E+02  281.80  2.49885E+19  1.946E+03  3.700E+02  6.400E-03  1.387E-01  2.098E+00
 9.44993E+02  281.58  2.43073E+19  1.584E+03  3.700E+02  6.700E-03  1.399E-01  2.094E+00
 9.18130E+02  281.19  2.36492E+19  1.091E+03  3.700E+02  6.900E-03  1.413E-01  2.091E+00
 8.91678E+02  280.52  2.30219E+19  7.175E+02  3.700E+02  7.000E-03  1.427E-01  2.088E+00
 8.65640E+02  279.51  2.24306E+19  5.132E+02  3.700E+02  7.000E-03  1.442E-01  2.085E+00
 8.40016E+02  278.19  2.18704E+19  4.054E+02  3.700E+02  7.000E-03  1.459E-01  2.083E+00
 8.14807E+02  276.62  2.13343E+19  3.577E+02  3.700E+02  7.000E-03  1.476E-01  2.081E+00
 7.90016E+02  274.88  2.08158E+19  3.569E+02  3.700E+02  7.200E-03  1.494E-01  2.077E+00
 7.65645E+02  273.05  2.03092E+19  4.071E+02  3.700E+02  7.500E-03  1.512E-01  2.075E+00
 7.41694E+02  271.12  1.98140E+19  5.232E+02  3.700E+02  8.000E-03  1.532E-01  2.073E+00
 7.18163E+02  269.03  1.93341E+19  7.268E+02  3.700E+02  8.200E-03  1.552E-01  2.071E+00
 6.95054E+02  266.73  1.88732E+19  1.005E+03  3.700E+02  8.500E-03  1.573E-01  2.070E+00
 6.72367E+02  264.17  1.84346E+19  1.270E+03  3.700E+02  9.000E-03  1.594E-01  2.068E+00
 6.50103E+02  261.40  1.80129E+19  1.481E+03  3.700E+02  9.100E-03  1.615E-01  2.066E+00
 6.28264E+02  258.64  1.75932E+19  1.640E+03  3.700E+02  9.500E-03  1.636E-01  2.064E+00
 6.06847E+02  256.13  1.71603E+19  1.761E+03  3.700E+02  1.000E-02  1.658E-01  2.063E+00
 5.85854E+02  254.08  1.67003E+19  1.839E+03  3.700E+02  1.100E-02  1.679E-01  2.060E+00
 5.65284E+02  252.71  1.62015E+19  1.867E+03  3.700E+02  1.200E-02  1.700E-01  2.059E+00
 5.45139E+02  251.94  1.56716E+19  1.860E+03  3.700E+02  1.250E-02  1.720E-01  2.057E+00
 5.25416E+02  251.48  1.51320E+19  1.850E+03  3.700E+02  1.300E-02  1.739E-01  2.055E+00
 5.06114E+02  251.04  1.46020E+19  1.830E+03  3.700E+02  1.400E-02  1.757E-01  2.054E+00
 4.87235E+02  250.30  1.40987E+19  1.810E+03  3.700E+02  1.500E-02  1.773E-01  2.052E+00
 4.68777E+02  249.02  1.36344E+19  1.719E+03  3.700E+02  1.600E-02  1.787E-01  2.050E+00
 4.50738E+02  246.99  1.32177E+19  1.273E+03  3.700E+02  1.700E-02  1.799E-01  2.048E+00
 4.33118E+02  244.00  1.28564E+19  7.266E+02  3.700E+02  1.800E-02  1.808E-01  2.046E+00
 4.15914E+02  239.89  1.25571E+19  4.330E+02  3.700E+02  2.000E-02  1.814E-01  2.044E+00
 3.99125E+02  235.18  1.22916E+19  2.600E+02  3.700E+02  2.100E-02  1.816E-01  2.040E+00
 3.82751E+02  231.04  1.19986E+19  1.735E+02  3.700E+02  2.200E-02  1.813E-01  2.037E+00
 3.66789E+02  228.21  1.16409E+19  1.445E+02  3.700E+02  2.300E-02  1.806E-01  2.034E+00
 3.51236E+02  226.44  1.12342E+19  1.410E+02  3.700E+02  2.400E-02  1.794E-01  2.031E+00
 3.36091E+02  225.38  1.08007E+19  1.484E+02  3.700E+02  2.500E-02  1.775E-01  2.027E+00
 3.21351E+02  224.64  1.03609E+19  1.555E+02  3.700E+02  2.550E-02  1.751E-01  2.022E+00
 3.07015E+02  223.90  9.93130E+18  1.568E+02  3.700E+02  2.600E-02  1.719E-01  2.017E+00
 2.93078E+02  223.08  9.51541E+18  1.547E+02  3.700E+02  2.600E-02  1.681E-01  2.012E+00
 2.79537E+02  222.19  9.11212E+18  1.521E+02  3.700E+02  2.600E-02  1.635E-01  2.005E+00
 2.66392E+02  221.25  8.72044E+18  1.505E+02  3.700E+02  2.600E-02  1.581E-01  2.000E+00
 2.53637E+02  220.28  8.33949E+18  1.495E+02  3.700E+02  2.630E-02  1.521E-01  2.005E+00
 2.41270E+02  219.30  7.96852E+18  1.483E+02  3.700E+02  2.650E-02  1.453E-01  2.010E+00
 2.29287E+02  218.31  7.60684E+18  1.465E+02  3.700E+02  2.680E-02  1.380E-01  2.015E+00
 2.17685E+02  217.35  7.25389E+18  1.349E+02  3.700E+02  2.700E-02  1.303E-01  2.010E+00
 2.06459E+02  216.43  6.90922E+18  9.491E+01  3.700E+02  2.710E-02  1.224E-01  2.005E+00
 1.95606E+02  215.55  6.57247E+18  5.269E+01  3.700E+02  2.730E-02  1.146E-01  2.000E+00
 1.85122E+02  214.75  6.24337E+18  3.564E+01  3.700E+02  2.770E-02  1.069E-01  1.995E+00
 1.75001E+02  214.04  5.92170E+18  2.704E+01  3.700E+02  3.100E-02  9.960E-02  1.990E+00
 1.65241E+02  213.43  5.60738E+18  2.059E+01  3.700E+02  3.300E-02  9.267E-02  1.980E+00
 1.55836E+02  212.94  5.30037E+18  1.577E+01  3.700E+02  3.700E-02  8.620E-02  1.970E+00
 1.46780E+02  212.59  5.00066E+18  1.238E+01  3.700E+02  3.800E-02  8.025E-02  1.960E+00
 1.38072E+02  212.39  4.70837E+18  1.011E+01  3.700E+02  4.000E-02  7.479E-02  1.950E+00
 1.29703E+02  212.36  4.42369E+18  8.528E+00  3.700E+02  4.800E-02  6.976E-02  1.940E+00
 1.21669E+02  212.48  4.14736E+18  7.327E+00  3.700E+02  5.800E-02  6.509E-02  1.930E+00
 1.13965E+02  212.72  3.88039E+18  6.317E+00  3.700E+02  8.600E-02  6.074E-02  1.920E+00
 1.06586E+02  213.05  3.62350E+18  5.410E+00  3.700E+02  9.500E-02  5.664E-02  1.910E+00
 9.95256E+01  213.44  3.37731E+18  4.626E+00  3.700E+02  9.700E-02  5.278E-02  1.900E+00
 9.27780E+01  213.85  3.14218E+18  3.983E+00  3.700E+02  9.900E-02  4.913E-02  1.890E+00
 8.63375E+01  214.27  2.91834E+18  3.481E+00  3.700E+02  1.700E-01  4.568E-02  1.880E+00
 8.01979E+01  214.67  2.70584E+18  3.108E+00  3.700E+02  2.040E-01  4.246E-02  1.860E+00
 7.43533E+01  215.01  2.50464E+18  2.833E+00  3.700E+02  3.100E-01  3.949E-02  1.840E+00
 6.87970E+01  215.28  2.31461E+18  2.630E+00  3.700E+02  4.400E-01  3.681E-02  1.820E+00
 6.35228E+01  215.44  2.13554E+18  2.483E+00  3.700E+02  5.000E-01  3.446E-02  1.800E+00
 5.85241E+01  215.47  1.96717E+18  2.378E+00  3.700E+02  7.700E-01  3.247E-02  1.760E+00
 5.37942E+01  215.36  1.80918E+18  2.305E+00  3.700E+02  1.070E+00  3.086E-02  1.730E+00
 4.93262E+01  215.09  1.66095E+18  2.258E+00  3.700E+02  1.300E+00  2.962E-02  1.700E+00
 4.51132E+01  214.76  1.52142E+18  2.231E+00  3.700E+02  1.800E+00  2.874E-02  1.670E+00
 4.11484E+01  214.45  1.38974E+18  2.226E+00  3.700E+02  2.100E+00  2.817E-02  1.640E+00
 3.74246E+01  214.23  1.26525E+18  2.242E+00  3.700E+02  2.600E+00  2.789E-02  1.605E+00
 3.39345E+01  214.20  1.14744E+18  2.281E+00  3.700E+02  3.000E+00  2.787E-02  1.600E+00
 3.06707E+01  214.43  1.03597E+18  2.344E+00  3.700E+02  3.790E+00  2.808E-02  1.550E+00
 2.76260E+01  215.00  9.30621E+17  2.435E+00  3.700E+02  4.400E+00  2.851E-02  1.500E+00
 2.47927E+01  216.01  8.31285E+17  2.558E+00  3.700E+02  5.300E+00  2.913E-02  1.450E+00
 2.21634E+01  217.53  7.37934E+17  2.710E+00  3.700E+02  6.100E+00  2.993E-02  1.400E+00
 1.97305E+01  219.62  6.50695E+17  2.878E+00  3.700E+02  6.900E+00  3.090E-02  1.370E+00
 1.74862E+01  222.11  5.70203E+17  3.045E+00  3.700E+02  8.000E+00  3.206E-02  1.350E+00
 1.54228E+01  224.77  4.96958E+17  3.189E+00  3.700E+02  8.600E+00  3.340E-02  1.330E+00
 1.35325E+01  227.37  4.31072E+17  3.285E+00  3.700E+02  9.210E+00  3.492E-02  1.300E+00
 1.18074E+01  229.70  3.72297E+17  3.309E+00  3.700E+02  9.700E+00  3.657E-02  1.270E+00
 1.02397E+01  231.85  3.19882E+17  3.248E+00  3.700E+02  9.900E+00  3.833E-02  1.250E+00
 8.82158E+00  233.94  2.73110E+17  3.130E+00  3.700E+02  9.400E+00  4.018E-02  1.170E+00
 7.54497E+00  236.14  2.31412E+17  2.983E+00  3.700E+02  9.300E+00  4.209E-02  1.120E+00
 6.40200E+00  238.59  1.94340E+17  2.835E+00  3.700E+02  8.890E+00  4.414E-02  1.050E+00
 5.38483E+00  241.44  1.61537E+17  2.709E+00  3.700E+02  8.200E+00  4.655E-02  9.500E-01
 4.48550E+00  244.69  1.32767E+17  2.623E+00  3.700E+02  7.700E+00  4.960E-02  8.500E-01
 3.69615E+00  248.06  1.07921E+17  2.592E+00  3.700E+02  7.500E+00  5.366E-02  7.500E-01
 3.00906E+00  251.16  8.67723E+16  2.615E+00  3.700E+02  7.300E+00  5.893E-02  6.600E-01
 2.41639E+00  253.79  6.89596E+16  2.680E+00  3.700E+02  7.100E+00  6.501E-02  5.500E-01
 1.91046E+00  256.06  5.40382E+16  2.779E+00  3.700E+02  7.000E+00  7.082E-02  4.500E-01
 1.48367E+00  258.13  4.16289E+16  2.901E+00  3.700E+02  6.000E+00  7.590E-02  3.450E-01
 1.12861E+00  260.16  3.14196E+16  3.036E+00  3.700E+02  5.000E+00  8.237E-02  2.700E-01
 8.37871E-01  261.80  2.31800E+16  3.172E+00  3.700E+02  4.000E+00  9.880E-02  2.200E-01
 6.04268E-01  262.16  1.66940E+16  3.293E+00  3.700E+02  3.000E+00  1.348E-01  1.900E-01
 4.20779E-01  259.96  1.17235E+16  3.382E+00  3.700E+02  2.400E+00  1.851E-01  1.700E-01
 2.80565E-01  253.37  8.02014E+15  3.420E+00  3.700E+02  2.000E+00  2.405E-01  1.550E-01
 1.77120E-01  244.03  5.25688E+15  3.392E+00  3.700E+02  1.400E+00  3.016E-01  1.500E-01
 1.04074E-01  237.24  3.17730E+15  3.284E+00  3.700E+02  1.000E+00  4.488E-01  1.523E-01
 5.54397E-02  231.44  1.73495E+15  3.089E+00  3.700E+02  6.000E-01  7.292E-01  1.588E-01
 2.56547E-02  224.52  8.27599E+14  2.812E+00  3.700E+02  4.000E-01  1.019E+00  1.627E-01
 9.49220E-03  210.89  3.25999E+14  2.382E+00  3.663E+02  4.000E-01  1.851E+00  1.469E-01
 4.46000E-03  197.58  1.63491E+14  1.465E+00  3.588E+02  3.000E-01  3.477E+00  1.361E-01
 1.84000E-03  190.37  7.00032E+13  8.844E-01  3.476E+02  3.000E-01  9.125E+00  1.486E-01
