! AIRS FTC regression profile 46 
! based on ozone (T/W/O) profile oprof26 from HIRS channel 9 set 
! CO2 & O3 mixing ratios for dry air 
! top two layers are based on offset AFGL US STANDARD 
! This file last updated July 2000
'P' 102  5 
 1  2  3  5  6 
 38.0  0.0 
 1.08539E+03  278.44  2.82333E+19  1.617E+03  3.700E+02  3.811E-02  6.647E-01  1.997E+00
 1.05651E+03  275.79  2.77461E+19  1.599E+03  3.700E+02  3.857E-02  6.492E-01  1.992E+00
 1.02802E+03  273.10  2.72637E+19  1.567E+03  3.700E+02  3.869E-02  6.340E-01  1.987E+00
 9.99942E+02  270.38  2.67862E+19  1.549E+03  3.700E+02  3.914E-02  6.193E-01  1.983E+00
 9.72265E+02  267.62  2.63133E+19  1.523E+03  3.700E+02  3.943E-02  6.048E-01  1.980E+00
 9.44993E+02  264.82  2.58454E+19  1.498E+03  3.700E+02  3.972E-02  5.906E-01  1.977E+00
 9.18130E+02  261.98  2.53824E+19  1.472E+03  3.700E+02  4.000E-02  5.766E-01  1.975E+00
 8.91678E+02  260.07  2.48326E+19  1.417E+03  3.700E+02  4.052E-02  5.627E-01  1.973E+00
 8.65640E+02  260.02  2.41124E+19  1.306E+03  3.700E+02  4.153E-02  5.489E-01  1.970E+00
 8.40016E+02  260.01  2.33988E+19  1.190E+03  3.700E+02  4.258E-02  5.351E-01  1.968E+00
 8.14807E+02  260.01  2.26969E+19  1.075E+03  3.700E+02  4.383E-02  5.212E-01  1.966E+00
 7.90016E+02  260.01  2.20066E+19  9.484E+02  3.700E+02  4.476E-02  5.072E-01  1.964E+00
 7.65645E+02  260.01  2.13279E+19  8.231E+02  3.700E+02  4.590E-02  4.930E-01  1.962E+00
 7.41694E+02  260.00  2.06609E+19  6.944E+02  3.700E+02  4.707E-02  4.785E-01  1.960E+00
 7.18163E+02  259.86  2.00162E+19  5.729E+02  3.700E+02  4.942E-02  4.638E-01  1.957E+00
 6.95054E+02  258.60  1.94667E+19  5.333E+02  3.700E+02  6.088E-02  4.488E-01  1.952E+00
 6.72367E+02  257.07  1.89435E+19  5.168E+02  3.700E+02  7.510E-02  4.338E-01  1.947E+00
 6.50103E+02  255.51  1.84277E+19  4.980E+02  3.700E+02  8.932E-02  4.192E-01  1.942E+00
 6.28264E+02  253.94  1.79192E+19  4.770E+02  3.700E+02  1.034E-01  4.055E-01  1.934E+00
 6.06847E+02  252.34  1.74182E+19  4.576E+02  3.700E+02  1.181E-01  3.931E-01  1.926E+00
 5.85854E+02  250.71  1.69247E+19  4.379E+02  3.700E+02  1.330E-01  3.824E-01  1.916E+00
 5.65284E+02  249.06  1.64387E+19  4.178E+02  3.700E+02  1.482E-01  3.733E-01  1.905E+00
 5.45139E+02  247.38  1.59602E+19  3.959E+02  3.700E+02  1.631E-01  3.655E-01  1.890E+00
 5.25416E+02  245.68  1.54892E+19  3.752E+02  3.700E+02  1.788E-01  3.590E-01  1.874E+00
 5.06114E+02  243.96  1.50259E+19  3.542E+02  3.700E+02  1.947E-01  3.535E-01  1.855E+00
 4.87235E+02  242.20  1.45702E+19  3.315E+02  3.700E+02  2.103E-01  3.487E-01  1.835E+00
 4.68777E+02  240.42  1.41222E+19  3.097E+02  3.700E+02  2.268E-01  3.446E-01  1.814E+00
 4.50738E+02  238.61  1.36819E+19  2.865E+02  3.700E+02  2.428E-01  3.411E-01  1.793E+00
 4.33118E+02  236.77  1.32492E+19  2.640E+02  3.700E+02  2.600E-01  3.378E-01  1.771E+00
 4.15914E+02  234.90  1.28243E+19  2.402E+02  3.700E+02  2.765E-01  3.350E-01  1.751E+00
 3.99125E+02  232.99  1.24071E+19  2.169E+02  3.700E+02  2.943E-01  3.324E-01  1.734E+00
 3.82751E+02  231.06  1.19977E+19  1.930E+02  3.700E+02  3.124E-01  3.301E-01  1.720E+00
 3.66789E+02  229.09  1.15960E+19  1.676E+02  3.700E+02  3.286E-01  3.281E-01  1.708E+00
 3.51236E+02  227.85  1.11648E+19  1.508E+02  3.700E+02  3.793E-01  3.262E-01  1.698E+00
 3.36091E+02  227.50  1.06997E+19  1.431E+02  3.700E+02  4.706E-01  3.245E-01  1.692E+00
 3.21351E+02  227.15  1.02462E+19  1.342E+02  3.700E+02  5.618E-01  3.229E-01  1.687E+00
 3.07015E+02  226.80  9.80442E+18  1.260E+02  3.700E+02  6.595E-01  3.212E-01  1.684E+00
 2.93078E+02  226.44  9.37430E+18  1.171E+02  3.700E+02  7.585E-01  3.191E-01  1.682E+00
 2.79537E+02  226.07  8.95581E+18  1.079E+02  3.700E+02  8.608E-01  3.165E-01  1.682E+00
 2.66392E+02  225.69  8.54882E+18  9.839E+01  3.700E+02  9.665E-01  3.129E-01  1.685E+00
 2.53637E+02  225.31  8.15330E+18  8.859E+01  3.700E+02  1.076E+00  3.080E-01  1.687E+00
 2.41270E+02  224.92  7.76921E+18  7.846E+01  3.700E+02  1.189E+00  3.014E-01  1.689E+00
 2.29287E+02  224.52  7.39638E+18  6.798E+01  3.700E+02  1.307E+00  2.929E-01  1.692E+00
 2.17685E+02  224.12  7.03479E+18  5.661E+01  3.700E+02  1.416E+00  2.823E-01  1.694E+00
 2.06459E+02  223.71  6.68430E+18  4.492E+01  3.700E+02  1.523E+00  2.696E-01  1.696E+00
 1.95606E+02  223.29  6.34486E+18  3.319E+01  3.700E+02  1.638E+00  2.550E-01  1.696E+00
 1.85122E+02  222.86  6.01635E+18  2.115E+01  3.700E+02  1.751E+00  2.390E-01  1.695E+00
 1.75001E+02  222.63  5.69329E+18  1.366E+01  3.700E+02  1.895E+00  2.220E-01  1.690E+00
 1.65241E+02  222.69  5.37421E+18  1.286E+01  3.700E+02  2.096E+00  2.042E-01  1.684E+00
 1.55836E+02  222.76  5.06678E+18  1.207E+01  3.700E+02  2.297E+00  1.858E-01  1.673E+00
 1.46780E+02  222.83  4.77088E+18  1.124E+01  3.700E+02  2.498E+00  1.669E-01  1.660E+00
 1.38072E+02  222.90  4.48640E+18  1.046E+01  3.700E+02  2.720E+00  1.478E-01  1.644E+00
 1.29703E+02  222.97  4.21312E+18  9.587E+00  3.700E+02  2.927E+00  1.287E-01  1.626E+00
 1.21669E+02  223.05  3.95084E+18  8.732E+00  3.700E+02  3.150E+00  1.101E-01  1.605E+00
 1.13965E+02  223.12  3.69942E+18  7.843E+00  3.700E+02  3.373E+00  9.279E-02  1.582E+00
 1.06586E+02  223.20  3.45868E+18  6.941E+00  3.700E+02  3.604E+00  7.783E-02  1.556E+00
 9.95256E+01  223.28  3.22844E+18  6.023E+00  3.700E+02  3.845E+00  6.579E-02  1.530E+00
 9.27780E+01  223.36  3.00847E+18  5.074E+00  3.700E+02  4.087E+00  5.638E-02  1.501E+00
 8.63375E+01  223.42  2.79885E+18  4.561E+00  3.700E+02  4.339E+00  4.899E-02  1.472E+00
 8.01979E+01  223.46  2.59932E+18  4.476E+00  3.700E+02  4.581E+00  4.316E-02  1.441E+00
 7.43533E+01  223.51  2.40942E+18  4.414E+00  3.700E+02  4.855E+00  3.852E-02  1.410E+00
 6.87970E+01  223.55  2.22892E+18  4.319E+00  3.700E+02  5.102E+00  3.479E-02  1.380E+00
 6.35228E+01  223.60  2.05762E+18  4.253E+00  3.700E+02  5.393E+00  3.177E-02  1.349E+00
 5.85241E+01  223.65  1.89531E+18  4.158E+00  3.700E+02  5.658E+00  2.931E-02  1.319E+00
 5.37942E+01  223.69  1.74174E+18  4.075E+00  3.700E+02  5.949E+00  2.732E-02  1.292E+00
 4.93262E+01  223.74  1.59673E+18  3.981E+00  3.700E+02  6.236E+00  2.572E-02  1.264E+00
 4.51132E+01  223.82  1.45984E+18  3.897E+00  3.700E+02  6.500E+00  2.446E-02  1.239E+00
 4.11484E+01  224.13  1.32972E+18  3.981E+00  3.700E+02  6.617E+00  2.349E-02  1.214E+00
 3.74246E+01  224.50  1.20740E+18  4.101E+00  3.700E+02  6.690E+00  2.277E-02  1.191E+00
 3.39345E+01  224.88  1.09294E+18  4.220E+00  3.700E+02  6.759E+00  2.226E-02  1.169E+00
 3.06707E+01  225.27  9.86097E+17  4.352E+00  3.700E+02  6.845E+00  2.192E-02  1.147E+00
 2.76260E+01  225.68  8.86601E+17  4.486E+00  3.700E+02  6.929E+00  2.175E-02  1.127E+00
 2.47927E+01  226.10  7.94192E+17  4.623E+00  3.700E+02  7.013E+00  2.174E-02  1.105E+00
 2.21634E+01  226.60  7.08388E+17  4.733E+00  3.700E+02  7.132E+00  2.188E-02  1.085E+00
 1.97305E+01  227.43  6.28351E+17  4.748E+00  3.700E+02  7.459E+00  2.216E-02  1.063E+00
 1.74862E+01  228.31  5.54710E+17  4.741E+00  3.700E+02  7.805E+00  2.260E-02  1.041E+00
 1.54228E+01  229.24  4.87283E+17  4.733E+00  3.700E+02  8.162E+00  2.318E-02  1.016E+00
 1.35325E+01  230.20  4.25772E+17  4.730E+00  3.700E+02  8.545E+00  2.390E-02  9.889E-01
 1.18074E+01  231.20  3.69883E+17  4.730E+00  3.700E+02  8.948E+00  2.476E-02  9.575E-01
 1.02397E+01  232.30  3.19258E+17  4.751E+00  3.700E+02  9.265E+00  2.576E-02  9.212E-01
 8.82158E+00  233.48  2.73650E+17  4.820E+00  3.700E+02  9.589E+00  2.695E-02  8.801E-01
 7.54497E+00  234.72  2.32813E+17  4.861E+00  3.700E+02  9.866E+00  2.837E-02  8.357E-01
 6.40200E+00  236.02  1.96454E+17  4.892E+00  3.700E+02  1.013E+01  3.011E-02  7.896E-01
 5.38483E+00  237.98  1.63885E+17  4.948E+00  3.700E+02  1.020E+01  3.225E-02  7.429E-01
 4.48550E+00  241.70  1.34411E+17  5.060E+00  3.700E+02  9.664E+00  3.495E-02  6.971E-01
 3.69615E+00  245.75  1.08935E+17  5.188E+00  3.700E+02  9.068E+00  3.840E-02  6.552E-01
 3.00906E+00  250.03  8.71657E+16  5.321E+00  3.700E+02  8.434E+00  4.289E-02  6.208E-01
 2.41639E+00  253.85  6.89424E+16  5.365E+00  3.700E+02  7.771E+00  4.881E-02  5.796E-01
 1.91046E+00  257.51  5.37341E+16  5.362E+00  3.700E+02  7.084E+00  5.680E-02  4.998E-01
 1.48367E+00  261.33  4.11193E+16  5.342E+00  3.700E+02  6.326E+00  6.774E-02  3.938E-01
 1.12861E+00  263.38  3.10362E+16  5.121E+00  3.700E+02  5.120E+00  8.275E-02  2.985E-01
 8.37871E-01  264.75  2.29217E+16  4.883E+00  3.700E+02  3.741E+00  1.029E-01  2.356E-01
 6.04268E-01  265.59  1.64784E+16  4.945E+00  3.700E+02  2.939E+00  1.293E-01  2.003E-01
 4.20779E-01  265.60  1.14744E+16  5.380E+00  3.700E+02  3.000E+00  1.631E-01  1.780E-01
 2.80565E-01  265.60  7.65084E+15  5.542E+00  3.700E+02  2.624E+00  2.069E-01  1.639E-01
 1.77120E-01  264.07  4.85793E+15  5.286E+00  3.700E+02  1.725E+00  2.656E-01  1.572E-01
 1.04074E-01  252.37  2.98683E+15  4.746E+00  3.700E+02  1.155E+00  3.527E-01  1.544E-01
 5.54397E-02  247.84  1.62012E+15  4.304E+00  3.700E+02  7.061E-01  5.389E-01  1.497E-01
 2.56547E-02  231.65  8.02104E+14  3.567E+00  3.700E+02  4.782E-01  1.109E+00  1.423E-01
 9.49220E-03  214.31  3.20802E+14  2.459E+00  3.663E+02  4.979E-01  2.913E+00  1.360E-01
 4.46000E-03  199.72  1.61743E+14  1.496E+00  3.588E+02  4.237E-01  4.680E+00  1.333E-01
 1.84000E-03  191.23  6.96905E+13  8.924E-01  3.476E+02  3.495E-01  4.409E+00  1.309E-01
