! AIRS FTC regression profile 47 
! based on TIGR profile 1611 
! CO2 & O3 mixing ratios for dry air 
! top two layers are based on offset AFGL US STANDARD 
! This file last updated July 2000
'P' 102  5 
 1  2  3  5  6 
 -66.400  0.0 
 1.08539E+03  262.85  2.99082E+19  1.184E+03  3.700E+02  1.710E-02  1.079E-01  1.807E+00
 1.05651E+03  263.12  2.90817E+19  1.290E+03  3.700E+02  1.785E-02  1.070E-01  1.820E+00
 1.02802E+03  263.40  2.82677E+19  1.386E+03  3.700E+02  1.847E-02  1.062E-01  1.832E+00
 9.99942E+02  263.68  2.74662E+19  1.498E+03  3.700E+02  1.927E-02  1.054E-01  1.843E+00
 9.72265E+02  263.97  2.66770E+19  1.606E+03  3.700E+02  2.000E-02  1.047E-01  1.854E+00
 9.44993E+02  264.13  2.59129E+19  1.735E+03  3.700E+02  2.082E-02  1.040E-01  1.864E+00
 9.18130E+02  264.08  2.51807E+19  1.895E+03  3.700E+02  2.176E-02  1.033E-01  1.872E+00
 8.91678E+02  263.88  2.44740E+19  2.076E+03  3.700E+02  2.272E-02  1.026E-01  1.880E+00
 8.65640E+02  263.39  2.38040E+19  2.290E+03  3.700E+02  2.368E-02  1.019E-01  1.887E+00
 8.40016E+02  263.20  2.31154E+19  2.514E+03  3.700E+02  2.468E-02  1.012E-01  1.893E+00
 8.14807E+02  263.60  2.23878E+19  2.761E+03  3.700E+02  2.588E-02  1.005E-01  1.898E+00
 7.90016E+02  263.60  2.17064E+19  2.878E+03  3.700E+02  2.685E-02  9.978E-02  1.904E+00
 7.65645E+02  263.01  2.10846E+19  2.842E+03  3.700E+02  2.789E-02  9.897E-02  1.907E+00
 7.41694E+02  262.39  2.04726E+19  2.804E+03  3.700E+02  2.896E-02  9.810E-02  1.909E+00
 7.18163E+02  261.60  1.98837E+19  2.722E+03  3.700E+02  2.997E-02  9.715E-02  1.911E+00
 6.95054E+02  260.39  1.93329E+19  2.532E+03  3.700E+02  3.068E-02  9.610E-02  1.911E+00
 6.72367E+02  259.15  1.87912E+19  2.356E+03  3.700E+02  3.164E-02  9.495E-02  1.911E+00
 6.50103E+02  257.80  1.82640E+19  2.159E+03  3.700E+02  3.247E-02  9.367E-02  1.909E+00
 6.28264E+02  255.96  1.77775E+19  1.915E+03  3.700E+02  3.304E-02  9.226E-02  1.907E+00
 6.06847E+02  254.02  1.73026E+19  1.671E+03  3.700E+02  3.372E-02  9.070E-02  1.904E+00
 5.85854E+02  252.06  1.68340E+19  1.432E+03  3.700E+02  3.440E-02  8.900E-02  1.898E+00
 5.65284E+02  250.13  1.63685E+19  1.253E+03  3.700E+02  3.511E-02  8.717E-02  1.893E+00
 5.45139E+02  248.18  1.59092E+19  1.080E+03  3.700E+02  3.571E-02  8.520E-02  1.887E+00
 5.25416E+02  246.20  1.54567E+19  9.151E+02  3.700E+02  3.642E-02  8.310E-02  1.879E+00
 5.06114E+02  244.23  1.50090E+19  7.893E+02  3.700E+02  3.705E-02  8.090E-02  1.872E+00
 4.87235E+02  242.24  1.45681E+19  6.667E+02  3.700E+02  3.754E-02  7.859E-02  1.862E+00
 4.68777E+02  240.21  1.41344E+19  5.552E+02  3.700E+02  3.814E-02  7.622E-02  1.852E+00
 4.50738E+02  238.16  1.37076E+19  4.735E+02  3.700E+02  3.852E-02  7.381E-02  1.841E+00
 4.33118E+02  236.07  1.32881E+19  3.950E+02  3.700E+02  3.904E-02  7.141E-02  1.830E+00
 4.15914E+02  233.99  1.28737E+19  3.271E+02  3.700E+02  3.945E-02  6.906E-02  1.817E+00
 3.99125E+02  231.92  1.24643E+19  2.745E+02  3.700E+02  4.000E-02  6.681E-02  1.804E+00
 3.82751E+02  229.82  1.20625E+19  2.223E+02  3.700E+02  4.056E-02  6.468E-02  1.790E+00
 3.66789E+02  227.64  1.16699E+19  1.815E+02  3.700E+02  4.084E-02  6.272E-02  1.776E+00
 3.51236E+02  225.42  1.12852E+19  1.452E+02  3.700E+02  4.140E-02  6.096E-02  1.761E+00
 3.36091E+02  223.11  1.09103E+19  1.137E+02  3.700E+02  4.197E-02  5.935E-02  1.746E+00
 3.21351E+02  220.69  1.05464E+19  8.925E+01  3.700E+02  4.225E-02  5.788E-02  1.730E+00
 3.07015E+02  218.19  1.01913E+19  6.738E+01  3.700E+02  4.326E-02  5.649E-02  1.713E+00
 2.93078E+02  215.45  9.85226E+18  5.735E+01  3.700E+02  4.667E-02  5.515E-02  1.697E+00
 2.79537E+02  212.63  9.52162E+18  4.927E+01  3.700E+02  5.055E-02  5.381E-02  1.680E+00
 2.66392E+02  209.72  9.19975E+18  4.221E+01  3.700E+02  5.519E-02  5.244E-02  1.664E+00
 2.53637E+02  206.74  8.88552E+18  3.132E+01  3.700E+02  6.019E-02  5.100E-02  1.648E+00
 2.41270E+02  203.82  8.57367E+18  2.201E+01  3.700E+02  6.527E-02  4.945E-02  1.632E+00
 2.29287E+02  200.93  8.26489E+18  1.539E+01  3.700E+02  7.042E-02  4.775E-02  1.616E+00
 2.17685E+02  197.96  7.96438E+18  1.040E+01  3.700E+02  7.491E-02  4.584E-02  1.600E+00
 2.06459E+02  194.90  7.67241E+18  6.807E+00  3.700E+02  7.910E-02  4.371E-02  1.585E+00
 1.95606E+02  193.19  7.33325E+18  5.457E+00  3.700E+02  8.654E-02  4.134E-02  1.570E+00
 1.85122E+02  193.49  6.92955E+18  6.049E+00  3.700E+02  9.829E-02  3.879E-02  1.556E+00
 1.75001E+02  193.81  6.53991E+18  6.722E+00  3.700E+02  1.101E-01  3.609E-02  1.543E+00
 1.65241E+02  194.13  6.16497E+18  7.504E+00  3.700E+02  1.228E-01  3.330E-02  1.530E+00
 1.55836E+02  194.14  5.81375E+18  7.902E+00  3.700E+02  1.434E-01  3.048E-02  1.517E+00
 1.46780E+02  193.97  5.48072E+18  7.046E+00  3.700E+02  1.686E-01  2.767E-02  1.505E+00
 1.38072E+02  193.80  5.16016E+18  5.837E+00  3.700E+02  1.954E-01  2.494E-02  1.492E+00
 1.29703E+02  193.54  4.85394E+18  4.719E+00  3.700E+02  2.231E-01  2.234E-02  1.479E+00
 1.21669E+02  193.01  4.56574E+18  4.091E+00  3.700E+02  2.577E-01  1.991E-02  1.466E+00
 1.13965E+02  192.45  4.28905E+18  3.483E+00  3.700E+02  2.929E-01  1.768E-02  1.453E+00
 1.06586E+02  191.88  4.02322E+18  2.931E+00  3.700E+02  3.337E-01  1.570E-02  1.440E+00
 9.95256E+01  191.32  3.76766E+18  2.834E+00  3.700E+02  4.103E-01  1.399E-02  1.426E+00
 9.27780E+01  190.76  3.52264E+18  2.825E+00  3.700E+02  4.949E-01  1.256E-02  1.411E+00
 8.63375E+01  190.18  3.28805E+18  2.819E+00  3.700E+02  5.840E-01  1.142E-02  1.397E+00
 8.01979E+01  189.62  3.06332E+18  2.804E+00  3.700E+02  6.897E-01  1.054E-02  1.381E+00
 7.43533E+01  189.04  2.84871E+18  2.804E+00  3.700E+02  8.047E-01  9.884E-03  1.365E+00
 6.87970E+01  188.46  2.64397E+18  2.785E+00  3.700E+02  9.331E-01  9.396E-03  1.347E+00
 6.35228E+01  187.89  2.44872E+18  2.786E+00  3.700E+02  1.127E+00  9.037E-03  1.326E+00
 5.85241E+01  187.30  2.26310E+18  2.769E+00  3.700E+02  1.321E+00  8.778E-03  1.300E+00
 5.37942E+01  186.70  2.08687E+18  2.762E+00  3.700E+02  1.534E+00  8.592E-03  1.270E+00
 4.93262E+01  186.09  1.91984E+18  2.748E+00  3.700E+02  1.756E+00  8.466E-03  1.231E+00
 4.51132E+01  185.46  1.76183E+18  2.729E+00  3.700E+02  1.985E+00  8.387E-03  1.182E+00
 4.11484E+01  184.81  1.61265E+18  2.715E+00  3.700E+02  2.243E+00  8.345E-03  1.121E+00
 3.74246E+01  184.28  1.47088E+18  2.699E+00  3.700E+02  2.509E+00  8.328E-03  1.057E+00
 3.39345E+01  185.18  1.32726E+18  2.701E+00  3.700E+02  2.806E+00  8.323E-03  9.939E-01
 3.06707E+01  186.47  1.19127E+18  2.714E+00  3.700E+02  3.129E+00  8.319E-03  9.361E-01
 2.76260E+01  187.82  1.06535E+18  2.726E+00  3.700E+02  3.464E+00  8.317E-03  8.856E-01
 2.47927E+01  189.27  9.48727E+17  2.739E+00  3.700E+02  3.810E+00  8.323E-03  8.448E-01
 2.21634E+01  191.22  8.39465E+17  2.754E+00  3.700E+02  4.154E+00  8.343E-03  8.150E-01
 1.97305E+01  193.32  7.39206E+17  2.779E+00  3.700E+02  4.527E+00  8.384E-03  7.932E-01
 1.74862E+01  195.50  6.47809E+17  2.799E+00  3.700E+02  4.909E+00  8.451E-03  7.754E-01
 1.54228E+01  198.19  5.63615E+17  2.825E+00  3.700E+02  5.246E+00  8.554E-03  7.572E-01
 1.35325E+01  201.32  4.86858E+17  2.860E+00  3.700E+02  5.560E+00  8.699E-03  7.359E-01
 1.18074E+01  204.58  4.18022E+17  2.898E+00  3.700E+02  5.895E+00  8.900E-03  7.109E-01
 1.02397E+01  208.61  3.55507E+17  2.933E+00  3.700E+02  6.140E+00  9.163E-03  6.816E-01
 8.82158E+00  213.35  2.99473E+17  2.988E+00  3.700E+02  6.355E+00  9.494E-03  6.482E-01
 7.54497E+00  218.28  2.50350E+17  3.025E+00  3.700E+02  6.529E+00  9.898E-03  6.123E-01
 6.40200E+00  223.11  2.07822E+17  3.051E+00  3.700E+02  6.582E+00  1.038E-02  5.756E-01
 5.38483E+00  228.11  1.70976E+17  3.078E+00  3.700E+02  6.608E+00  1.097E-02  5.403E-01
 4.48550E+00  231.52  1.40320E+17  3.075E+00  3.700E+02  6.410E+00  1.170E-02  5.086E-01
 3.69615E+00  233.59  1.14602E+17  3.053E+00  3.700E+02  6.035E+00  1.266E-02  4.719E-01
 3.00906E+00  234.68  9.28659E+16  3.017E+00  3.700E+02  5.616E+00  1.400E-02  4.139E-01
 2.41639E+00  234.55  7.46156E+16  2.960E+00  3.700E+02  5.148E+00  1.596E-02  3.415E-01
 1.91046E+00  233.00  5.93858E+16  2.885E+00  3.700E+02  4.638E+00  1.881E-02  2.808E-01
 1.48367E+00  230.36  4.66486E+16  2.793E+00  3.700E+02  4.095E+00  2.257E-02  2.456E-01
 1.12861E+00  227.01  3.60081E+16  2.700E+00  3.700E+02  3.546E+00  2.658E-02  2.360E-01
 8.37871E-01  225.66  2.68924E+16  2.675E+00  3.700E+02  2.951E+00  3.017E-02  2.149E-01
 6.04268E-01  226.01  1.93644E+16  2.720E+00  3.700E+02  2.287E+00  3.386E-02  1.765E-01
 4.20779E-01  224.27  1.35890E+16  2.761E+00  3.700E+02  1.691E+00  4.064E-02  1.493E-01
 2.80565E-01  221.13  9.18957E+15  2.812E+00  3.700E+02  1.175E+00  5.424E-02  1.389E-01
 1.77120E-01  217.05  5.91022E+15  2.865E+00  3.700E+02  8.912E-01  7.981E-02  1.379E-01
 1.04074E-01  212.31  3.55035E+15  2.928E+00  3.700E+02  6.310E-01  1.150E-01  1.334E-01
 5.54397E-02  206.48  1.94470E+15  2.997E+00  3.700E+02  4.162E-01  1.767E-01  1.350E-01
 2.56547E-02  196.21  9.47003E+14  3.004E+00  3.700E+02  3.630E-01  3.699E-01  1.396E-01
 9.49220E-03  187.41  3.66843E+14  2.816E+00  3.663E+02  3.508E-01  1.042E+00  1.390E-01
 4.46000E-03  182.91  1.76609E+14  1.641E+00  3.588E+02  3.318E-01  2.497E+00  1.379E-01
 1.84000E-03  184.50  7.22304E+13  9.295E-01  3.476E+02  3.127E-01  7.978E+00  1.416E-01
