! AIRS FTC regression profile 40 
! based on TIGR profile 1310 
! CO2 & O3 mixing ratios for dry air 
! top two layers are based on offset AFGL US STANDARD 
! This file last updated July 2000
'P' 102  5 
 1  2  3  5  6 
 -65.580  0.0 
 1.08539E+03  267.46  2.93924E+19  3.306E+03  3.700E+02  1.467E-02  2.023E-01  1.932E+00
 1.05651E+03  267.15  2.86436E+19  3.205E+03  3.700E+02  1.528E-02  2.043E-01  1.933E+00
 1.02802E+03  266.83  2.79043E+19  3.073E+03  3.700E+02  1.578E-02  2.067E-01  1.934E+00
 9.99942E+02  266.51  2.71747E+19  2.965E+03  3.700E+02  1.642E-02  2.095E-01  1.934E+00
 9.72265E+02  266.19  2.64547E+19  2.841E+03  3.700E+02  1.701E-02  2.128E-01  1.936E+00
 9.44993E+02  265.67  2.57626E+19  2.793E+03  3.700E+02  1.767E-02  2.166E-01  1.936E+00
 9.18130E+02  264.84  2.51083E+19  2.868E+03  3.700E+02  1.842E-02  2.209E-01  1.936E+00
 8.91678E+02  263.66  2.44946E+19  2.831E+03  3.700E+02  1.916E-02  2.256E-01  1.934E+00
 8.65640E+02  261.81  2.39474E+19  2.579E+03  3.700E+02  1.987E-02  2.309E-01  1.934E+00
 8.40016E+02  260.03  2.33977E+19  2.338E+03  3.700E+02  2.059E-02  2.368E-01  1.933E+00
 8.14807E+02  258.42  2.28363E+19  2.137E+03  3.700E+02  2.143E-02  2.432E-01  1.932E+00
 7.90016E+02  256.71  2.22891E+19  1.894E+03  3.700E+02  2.210E-02  2.502E-01  1.930E+00
 7.65645E+02  254.84  2.17599E+19  1.621E+03  3.700E+02  2.284E-02  2.578E-01  1.929E+00
 7.41694E+02  252.95  2.12371E+19  1.345E+03  3.700E+02  2.360E-02  2.660E-01  1.927E+00
 7.18163E+02  250.98  2.07249E+19  1.090E+03  3.700E+02  2.437E-02  2.748E-01  1.925E+00
 6.95054E+02  248.87  2.02277E+19  8.822E+02  3.700E+02  2.505E-02  2.841E-01  1.923E+00
 6.72367E+02  246.73  1.97372E+19  6.814E+02  3.700E+02  2.594E-02  2.940E-01  1.920E+00
 6.50103E+02  244.58  1.92514E+19  4.921E+02  3.700E+02  2.674E-02  3.044E-01  1.916E+00
 6.28264E+02  242.50  1.87642E+19  3.863E+02  3.700E+02  2.747E-02  3.152E-01  1.913E+00
 6.06847E+02  240.41  1.82824E+19  2.936E+02  3.700E+02  2.831E-02  3.260E-01  1.910E+00
 5.85854E+02  238.30  1.78060E+19  2.067E+02  3.700E+02  2.916E-02  3.365E-01  1.907E+00
 5.65284E+02  236.30  1.73260E+19  1.701E+02  3.700E+02  3.004E-02  3.460E-01  1.903E+00
 5.45139E+02  234.31  1.68511E+19  1.431E+02  3.700E+02  3.083E-02  3.538E-01  1.898E+00
 5.25416E+02  232.28  1.63828E+19  1.172E+02  3.700E+02  3.199E-02  3.591E-01  1.894E+00
 5.06114E+02  230.28  1.59186E+19  9.679E+01  3.700E+02  3.479E-02  3.617E-01  1.890E+00
 4.87235E+02  228.25  1.54611E+19  7.691E+01  3.700E+02  3.780E-02  3.614E-01  1.886E+00
 4.68777E+02  226.25  1.50065E+19  5.860E+01  3.700E+02  4.145E-02  3.585E-01  1.880E+00
 4.50738E+02  224.45  1.45451E+19  4.477E+01  3.700E+02  4.651E-02  3.532E-01  1.876E+00
 4.33118E+02  222.63  1.40906E+19  3.129E+01  3.700E+02  5.193E-02  3.463E-01  1.871E+00
 4.15914E+02  221.10  1.36246E+19  2.072E+01  3.700E+02  5.734E-02  3.384E-01  1.866E+00
 3.99125E+02  219.91  1.31455E+19  1.377E+01  3.700E+02  6.315E-02  3.301E-01  1.860E+00
 3.82751E+02  218.69  1.26760E+19  7.126E+00  3.700E+02  6.912E-02  3.219E-01  1.855E+00
 3.66789E+02  217.45  1.22168E+19  5.179E+00  3.700E+02  7.469E-02  3.140E-01  1.850E+00
 3.51236E+02  216.18  1.17674E+19  4.564E+00  3.700E+02  8.087E-02  3.063E-01  1.844E+00
 3.36091E+02  214.83  1.13310E+19  4.003E+00  3.700E+02  8.722E-02  2.986E-01  1.839E+00
 3.21351E+02  213.35  1.09089E+19  3.512E+00  3.700E+02  9.312E-02  2.908E-01  1.835E+00
 3.07015E+02  211.90  1.04936E+19  3.097E+00  3.700E+02  1.016E-01  2.826E-01  1.830E+00
 2.93078E+02  210.72  1.00734E+19  3.016E+00  3.700E+02  1.205E-01  2.739E-01  1.824E+00
 2.79537E+02  209.57  9.66074E+18  2.992E+00  3.700E+02  1.417E-01  2.644E-01  1.820E+00
 2.66392E+02  208.51  9.25331E+18  2.994E+00  3.700E+02  1.665E-01  2.542E-01  1.816E+00
 2.53637E+02  207.48  8.85409E+18  3.006E+00  3.700E+02  1.935E-01  2.429E-01  1.812E+00
 2.41270E+02  206.72  8.45319E+18  3.024E+00  3.700E+02  2.216E-01  2.307E-01  1.807E+00
 2.29287E+02  206.21  8.05315E+18  3.047E+00  3.700E+02  2.509E-01  2.172E-01  1.803E+00
 2.17685E+02  205.69  7.66496E+18  3.043E+00  3.700E+02  2.786E-01  2.026E-01  1.799E+00
 2.06459E+02  205.16  7.28857E+18  3.032E+00  3.700E+02  3.059E-01  1.867E-01  1.795E+00
 1.95606E+02  204.48  6.92836E+18  3.030E+00  3.700E+02  3.416E-01  1.700E-01  1.789E+00
 1.85122E+02  203.60  6.58558E+18  3.017E+00  3.700E+02  3.869E-01  1.531E-01  1.783E+00
 1.75001E+02  202.69  6.25342E+18  2.999E+00  3.700E+02  4.318E-01  1.365E-01  1.776E+00
 1.65241E+02  201.76  5.93171E+18  2.990E+00  3.700E+02  4.792E-01  1.207E-01  1.766E+00
 1.55836E+02  200.84  5.61972E+18  2.976E+00  3.700E+02  5.434E-01  1.061E-01  1.756E+00
 1.46780E+02  199.92  5.31765E+18  2.956E+00  3.700E+02  6.170E-01  9.316E-02  1.742E+00
 1.38072E+02  198.97  5.02592E+18  2.953E+00  3.700E+02  6.954E-01  8.184E-02  1.726E+00
 1.29703E+02  198.09  4.74230E+18  2.932E+00  3.700E+02  7.743E-01  7.213E-02  1.707E+00
 1.21669E+02  197.46  4.46279E+18  2.924E+00  3.700E+02  8.703E-01  6.395E-02  1.684E+00
 1.13965E+02  196.83  4.19354E+18  2.912E+00  3.700E+02  9.675E-01  5.713E-02  1.657E+00
 1.06586E+02  196.24  3.93377E+18  2.904E+00  3.700E+02  1.071E+00  5.142E-02  1.625E+00
 9.95256E+01  196.02  3.67738E+18  2.903E+00  3.700E+02  1.201E+00  4.662E-02  1.590E+00
 9.27780E+01  195.87  3.43067E+18  2.901E+00  3.700E+02  1.338E+00  4.257E-02  1.551E+00
 8.63375E+01  195.71  3.19513E+18  2.901E+00  3.700E+02  1.481E+00  3.916E-02  1.510E+00
 8.01979E+01  195.50  2.97112E+18  2.891E+00  3.700E+02  1.633E+00  3.631E-02  1.470E+00
 7.43533E+01  195.27  2.75779E+18  2.897E+00  3.700E+02  1.799E+00  3.394E-02  1.432E+00
 6.87970E+01  195.02  2.55503E+18  2.882E+00  3.700E+02  1.947E+00  3.198E-02  1.398E+00
 6.35228E+01  194.68  2.36321E+18  2.887E+00  3.700E+02  2.080E+00  3.037E-02  1.370E+00
 5.85241E+01  194.34  2.18114E+18  2.873E+00  3.700E+02  2.201E+00  2.906E-02  1.349E+00
 5.37942E+01  194.35  2.00469E+18  2.875E+00  3.700E+02  2.320E+00  2.802E-02  1.332E+00
 4.93262E+01  194.67  1.83523E+18  2.875E+00  3.700E+02  2.428E+00  2.719E-02  1.320E+00
 4.51132E+01  195.19  1.67397E+18  2.873E+00  3.700E+02  2.527E+00  2.656E-02  1.312E+00
 4.11484E+01  196.45  1.51709E+18  2.886E+00  3.700E+02  2.605E+00  2.609E-02  1.304E+00
 3.74246E+01  197.66  1.37132E+18  2.895E+00  3.700E+02  2.678E+00  2.574E-02  1.296E+00
 3.39345E+01  197.49  1.24452E+18  2.881E+00  3.700E+02  2.728E+00  2.547E-02  1.285E+00
 3.06707E+01  196.94  1.12794E+18  2.867E+00  3.700E+02  2.780E+00  2.524E-02  1.271E+00
 2.76260E+01  196.38  1.01889E+18  2.851E+00  3.700E+02  2.831E+00  2.504E-02  1.253E+00
 2.47927E+01  195.95  9.16376E+17  2.836E+00  3.700E+02  2.888E+00  2.486E-02  1.231E+00
 2.21634E+01  196.52  8.16830E+17  2.831E+00  3.700E+02  2.981E+00  2.469E-02  1.205E+00
 1.97305E+01  197.28  7.24357E+17  2.837E+00  3.700E+02  3.093E+00  2.457E-02  1.175E+00
 1.74862E+01  198.07  6.39394E+17  2.837E+00  3.700E+02  3.203E+00  2.455E-02  1.141E+00
 1.54228E+01  199.01  5.61293E+17  2.837E+00  3.700E+02  3.370E+00  2.468E-02  1.104E+00
 1.35325E+01  200.07  4.89885E+17  2.843E+00  3.700E+02  3.591E+00  2.505E-02  1.063E+00
 1.18074E+01  201.19  4.25055E+17  2.850E+00  3.700E+02  3.824E+00  2.575E-02  1.018E+00
 1.02397E+01  204.87  3.61998E+17  2.881E+00  3.700E+02  4.153E+00  2.689E-02  9.685E-01
 8.82158E+00  210.77  3.03136E+17  2.952E+00  3.700E+02  4.608E+00  2.857E-02  9.210E-01
 7.54497E+00  216.90  2.51938E+17  3.007E+00  3.700E+02  5.055E+00  3.091E-02  8.895E-01
 6.40200E+00  222.83  2.08084E+17  3.048E+00  3.700E+02  5.393E+00  3.402E-02  8.831E-01
 5.38483E+00  228.94  1.70352E+17  3.090E+00  3.700E+02  5.721E+00  3.797E-02  8.662E-01
 4.48550E+00  234.85  1.38331E+17  3.119E+00  3.700E+02  5.797E+00  4.276E-02  7.842E-01
 3.69615E+00  240.66  1.11239E+17  3.146E+00  3.700E+02  5.661E+00  4.834E-02  6.450E-01
 3.00906E+00  246.64  8.83627E+16  3.171E+00  3.700E+02  5.508E+00  5.442E-02  5.078E-01
 2.41639E+00  252.79  6.92323E+16  3.191E+00  3.700E+02  5.328E+00  6.033E-02  3.993E-01
 1.91046E+00  258.07  5.36173E+16  3.196E+00  3.700E+02  5.108E+00  6.456E-02  3.203E-01
 1.48367E+00  262.80  4.08899E+16  3.187E+00  3.700E+02  4.848E+00  6.595E-02  2.714E-01
 1.12861E+00  267.17  3.05951E+16  3.179E+00  3.700E+02  4.569E+00  6.502E-02  2.490E-01
 8.37871E-01  269.97  2.24787E+16  3.202E+00  3.700E+02  4.032E+00  6.376E-02  2.281E-01
 6.04268E-01  271.40  1.61259E+16  3.269E+00  3.700E+02  3.258E+00  6.695E-02  2.017E-01
 4.20779E-01  269.53  1.13072E+16  3.321E+00  3.700E+02  2.552E+00  8.465E-02  1.842E-01
 2.80565E-01  265.43  7.65582E+15  3.379E+00  3.700E+02  1.939E+00  1.313E-01  1.783E-01
 1.77120E-01  259.69  4.93996E+15  3.432E+00  3.700E+02  1.603E+00  2.226E-01  1.787E-01
 1.04074E-01  252.96  2.97982E+15  3.493E+00  3.700E+02  1.298E+00  2.809E-01  1.772E-01
 5.54397E-02  244.93  1.63942E+15  3.560E+00  3.700E+02  1.050E+00  3.631E-01  1.756E-01
 2.56547E-02  234.05  7.93896E+14  3.590E+00  3.700E+02  9.941E-01  7.570E-01  1.788E-01
 9.49220E-03  217.68  3.15828E+14  3.315E+00  3.663E+02  8.645E-01  1.118E+00  1.793E-01
 4.46000E-03  201.83  1.60053E+14  1.843E+00  3.588E+02  6.528E-01  1.861E+00  1.752E-01
 1.84000E-03  192.07  6.93844E+13  9.811E-01  3.476E+02  4.411E-01  9.919E+00  1.681E-01
