! MODEL 5 : SUBARCTIC WINTER 
! CO2 mixing ratio is AFGL value scaled by 370/330
! CH4 mixing ratio is AFGL value scaled by 1.8/1.7
! 
! This file last updated July 2000
'P'  50  5 
 1  2  3  5  6 
 60.0  0.0 
 1.01300E+03  257.20  2.85500E+19  1.405E+03  3.700E+02  1.802E-02  1.297E-01  1.800E+00
 8.87800E+02  259.10  2.48400E+19  1.615E+03  3.700E+02  2.072E-02  1.768E-01  1.800E+00
 7.77500E+02  255.90  2.20200E+19  1.427E+03  3.700E+02  2.336E-02  1.464E-01  1.800E+00
 6.79800E+02  252.70  1.95000E+19  1.166E+03  3.700E+02  2.767E-02  1.274E-01  1.800E+00
 5.93200E+02  247.70  1.73600E+19  7.898E+02  3.700E+02  3.253E-02  1.309E-01  1.797E+00
 5.15800E+02  240.90  1.55200E+19  4.309E+02  3.700E+02  3.801E-02  1.803E-01  1.786E+00
 4.46700E+02  234.10  1.38300E+19  2.369E+02  3.700E+02  4.446E-02  1.548E-01  1.770E+00
 3.85300E+02  227.30  1.22900E+19  1.470E+02  3.700E+02  7.252E-02  1.421E-01  1.746E+00
 3.30800E+02  220.60  1.08700E+19  3.384E+01  3.700E+02  1.040E-01  1.252E-01  1.725E+00
 2.82900E+02  217.20  9.44000E+18  2.976E+01  3.700E+02  2.100E-01  1.035E-01  1.710E+00
 2.41800E+02  217.20  8.06900E+18  2.000E+01  3.700E+02  3.000E-01  8.827E-02  1.672E+00
 2.06700E+02  217.20  6.89800E+18  1.000E+01  3.700E+02  3.500E-01  8.665E-02  1.633E+00
 1.76600E+02  217.20  5.89300E+18  6.000E+00  3.700E+02  4.000E-01  7.738E-02  1.595E+00
 1.51000E+02  217.20  5.03900E+18  4.450E+00  3.700E+02  6.500E-01  7.053E-02  1.558E+00
 1.29100E+02  217.20  4.30800E+18  4.500E+00  3.700E+02  9.000E-01  5.604E-02  1.518E+00
 1.10300E+02  217.20  3.68100E+18  4.550E+00  3.700E+02  1.200E+00  5.260E-02  1.471E+00
 9.43100E+01  216.60  3.15600E+18  4.600E+00  3.700E+02  1.500E+00  4.013E-02  1.421E+00
 8.05800E+01  216.00  2.70400E+18  4.650E+00  3.700E+02  1.900E+00  3.799E-02  1.366E+00
 6.88200E+01  215.40  2.31600E+18  4.700E+00  3.700E+02  2.450E+00  2.221E-02  1.302E+00
 5.87500E+01  214.80  1.98200E+18  4.750E+00  3.700E+02  3.100E+00  1.985E-02  1.229E+00
 5.01400E+01  214.20  1.69700E+18  4.800E+00  3.700E+02  3.700E+00  1.681E-02  1.148E+00
 4.27700E+01  213.60  1.45100E+18  4.850E+00  3.700E+02  4.000E+00  1.664E-02  1.074E+00
 3.64700E+01  213.00  1.24100E+18  4.900E+00  3.700E+02  4.200E+00  1.732E-02  1.012E+00
 3.10900E+01  212.40  1.06100E+18  4.950E+00  3.700E+02  4.500E+00  1.593E-02  9.539E-01
 2.64900E+01  211.80  9.06500E+17  5.000E+00  3.700E+02  4.600E+00  1.687E-02  8.978E-01
 2.25600E+01  211.20  7.74200E+17  5.000E+00  3.700E+02  4.700E+00  1.695E-02  8.429E-01
 1.51300E+01  213.60  5.13400E+17  5.000E+00  3.700E+02  4.900E+00  2.007E-02  7.887E-01
 1.02000E+01  216.00  3.42300E+17  5.000E+00  3.700E+02  5.400E+00  1.988E-02  7.349E-01
 6.91000E+00  218.50  2.29200E+17  5.000E+00  3.700E+02  5.900E+00  2.405E-02  6.812E-01
 4.70100E+00  222.30  1.53300E+17  5.000E+00  3.700E+02  6.200E+00  2.639E-02  6.229E-01
 3.23000E+00  228.50  1.02500E+17  5.000E+00  3.700E+02  6.250E+00  2.942E-02  5.546E-01
 2.24300E+00  234.70  6.92700E+16  5.000E+00  3.700E+02  5.900E+00  2.446E-02  4.770E-01
 1.57000E+00  240.80  4.72600E+16  5.000E+00  3.700E+02  5.100E+00  3.384E-02  3.926E-01
 1.11300E+00  247.00  3.26600E+16  5.000E+00  3.700E+02  4.100E+00  4.097E-02  3.181E-01
 7.90000E-01  253.20  2.26100E+16  5.000E+00  3.700E+02  3.000E+00  3.655E-02  2.597E-01
 5.71900E-01  259.30  1.59900E+16  4.950E+00  3.700E+02  2.600E+00  4.751E-02  2.096E-01
 2.99000E-01  259.10  8.36400E+15  4.850E+00  3.700E+02  1.600E+00  8.497E-02  1.684E-01
 1.55000E-01  250.90  4.47800E+15  4.500E+00  3.700E+02  9.500E-01  1.401E-01  1.588E-01
 7.90000E-02  248.40  2.30500E+15  4.000E+00  3.700E+02  6.500E-01  2.384E-01  1.588E-01
 4.00000E-02  245.40  1.18100E+15  3.300E+00  3.700E+02  5.000E-01  3.747E-01  1.588E-01
 2.00000E-02  234.70  6.17600E+14  2.700E+00  3.700E+02  3.300E-01  7.226E-01  1.588E-01
 9.66000E-03  223.90  3.12700E+14  2.000E+00  3.678E+02  1.300E-01  1.775E+00  1.588E-01
 4.50000E-03  213.10  1.53100E+14  1.330E+00  3.588E+02  7.500E-01  3.658E+00  1.588E-01
 2.02200E-03  202.30  7.24400E+13  8.500E-01  3.476E+02  8.000E-01  6.946E+00  1.482E-01
 9.07000E-04  211.00  3.11600E+13  5.400E-01  3.027E+02  8.000E-01  1.229E+01  1.376E-01
 4.23000E-04  218.50  1.40300E+13  4.000E-01  2.186E+02  4.000E-01  2.044E+01  1.271E-01
 2.07000E-04  234.00  6.41200E+12  3.400E-01  1.233E+02  2.000E-01  2.773E+01  1.165E-01
 1.08000E-04  252.60  3.09900E+12  2.800E-01  6.727E+01  5.000E-02  3.994E+01  1.006E-01
 6.00000E-05  288.50  1.50700E+12  2.400E-01  4.485E+01  5.000E-03  5.388E+01  6.353E-02
 3.59000E-05  333.00  7.81400E+11  2.000E-01  3.924E+01  5.000E-04  5.484E+01  3.176E-02
