! My profile #16, from [checked] H2O=876, and O3=jan20 
! I slightly modified the O3 near 2-1 mb. 
! Fake profiles below 1 mb for O3 and 100 mb for H2O 
! The temperature profile was modified for the upper 5 levels.
! The previous values too cold to be in the expected atmospheric range.
! 
! This file last updated September 2004 (L.McMillin)
'P'  43  5 
 1  2  3  5  6 
 45.0 0.0                                                                                 
 1.00000E+03  307.16  2.35800E+19  4.576E+04  3.700E+02  1.800E-02  2.522E-01  1.978E+00
 9.50000E+02  302.11  2.27800E+19  3.785E+04  3.700E+02  1.800E-02  2.409E-01  1.951E+00
 9.20000E+02  298.95  2.22900E+19  3.290E+04  3.700E+02  1.800E-02  2.326E-01  1.936E+00
 8.50000E+02  291.16  2.11400E+19  2.332E+04  3.700E+02  1.800E-02  2.108E-01  1.897E+00
 7.80000E+02  286.73  1.97000E+19  1.456E+04  3.700E+02  1.888E-02  1.881E-01  1.858E+00
 7.00000E+02  281.16  1.80300E+19  3.526E+03  3.700E+02  2.000E-02  1.659E-01  1.814E+00
 6.70000E+02  279.60  1.73600E+19  3.185E+03  3.700E+02  2.117E-02  1.589E-01  1.797E+00
 6.20000E+02  276.83  1.62200E+19  2.582E+03  3.700E+02  2.325E-02  1.479E-01  1.768E+00
 5.70000E+02  273.83  1.50800E+19  1.928E+03  3.700E+02  2.550E-02  1.370E-01  1.740E+00
 5.00000E+02  269.16  1.34500E+19  9.084E+02  3.700E+02  2.900E-02  1.197E-01  1.698E+00
 4.75000E+02  266.63  1.29000E+19  8.087E+02  3.700E+02  3.107E-02  1.132E-01  1.684E+00
 4.30000E+02  261.72  1.19000E+19  6.158E+02  3.700E+02  3.508E-02  1.028E-01  1.656E+00
 4.00000E+02  258.16  1.12200E+19  4.759E+02  3.700E+02  3.800E-02  9.800E-02  1.637E+00
 3.50000E+02  252.13  1.00500E+19  3.264E+02  3.700E+02  4.171E-02  9.554E-02  1.605E+00
 3.00000E+02  245.16  8.86300E+18  1.543E+02  3.700E+02  4.600E-02  9.784E-02  1.572E+00
 2.50000E+02  233.16  7.76600E+18  9.004E+01  3.700E+02  5.300E-02  9.838E-02  1.536E+00
 2.00000E+02  222.16  6.52000E+18  4.502E+01  3.700E+02  6.300E-02  8.867E-02  1.497E+00
 1.50000E+02  210.16  5.16900E+18  1.929E+01  3.700E+02  1.540E-01  7.022E-02  1.452E+00
 1.35000E+02  205.22  4.76500E+18  1.490E+01  3.700E+02  2.473E-01  6.130E-02  1.435E+00
 1.15000E+02  197.71  4.21300E+18  7.400E+00  3.700E+02  3.893E-01  4.503E-02  1.409E+00
 1.00000E+02  191.16  3.78900E+18  2.800E+00  3.700E+02  5.130E-01  3.090E-02  1.386E+00
 8.50000E+01  196.63  3.13100E+18  2.800E+00  3.700E+02  9.395E-01  1.469E-02  1.356E+00
 7.00000E+01  203.16  2.49600E+18  2.700E+00  3.700E+02  1.449E+00  1.344E-02  1.318E+00
 6.00000E+01  210.03  2.06900E+18  3.300E+00  3.700E+02  2.514E+00  1.027E-02  1.286E+00
 5.00000E+01  218.16  1.66000E+18  3.600E+00  3.700E+02  3.774E+00  9.594E-03  1.245E+00
 3.00000E+01  225.16  9.65000E+17  3.400E+00  3.700E+02  7.209E+00  9.886E-03  1.120E+00
 2.50000E+01  228.08  7.93900E+17  3.000E+00  3.700E+02  7.465E+00  9.974E-03  1.074E+00
 2.00000E+01  231.66  6.25300E+17  2.600E+00  3.700E+02  7.778E+00  9.934E-03  1.021E+00
 1.50000E+01  236.97  4.58500E+17  2.100E+00  3.700E+02  7.368E+00  9.952E-03  9.602E-01
 1.00000E+01  244.46  2.96300E+17  2.100E+00  3.700E+02  6.790E+00  1.067E-02  8.916E-01
 7.00000E+00  252.46  2.00800E+17  2.300E+00  3.700E+02  5.641E+00  1.191E-02  8.238E-01
 5.00000E+00  253.26  1.43000E+17  2.100E+00  3.700E+02  4.558E+00  1.343E-02  7.363E-01
 4.00000E+00  259.29  1.11700E+17  2.600E+00  3.700E+02  4.376E+00  1.466E-02  6.678E-01
 3.00000E+00  267.06  8.13600E+16  3.000E+00  3.700E+02  4.142E+00  1.680E-02  5.758E-01
 2.00000E+00  272.76  5.31100E+16  2.300E+00  3.700E+02  4.000E+00  2.183E-02  4.361E-01
 1.50000E+00  268.73  4.04300E+16  1.800E+00  3.700E+02  3.910E+00  2.696E-02  3.304E-01
 1.00000E+00  263.06  2.75300E+16  2.000E+00  3.700E+02  3.812E+00  3.503E-02  2.348E-01
 5.00000E-01  255.96  1.48100E+16  2.900E+00  3.700E+02  2.325E+00  4.833E-02  1.853E-01
 2.00000E-01  248.65  6.94900E+15  3.700E+00  3.700E+02  1.141E+00  1.018E-01  1.716E-01
 1.00000E-01  239.02  4.00900E+15  3.600E+00  3.700E+02  7.114E-01  1.971E-01  1.631E-01
 5.22000E-02  225.67  2.22900E+15  3.600E+00  3.700E+02  3.267E-01  3.236E-01  1.574E-01
 1.05000E-02  204.52  5.11800E+14  3.100E+00  3.678E+02  3.267E-01  1.065E+00  1.480E-01
 1.84000E-03  193.02  9.73500E+13  2.100E+00  3.476E+02  7.624E-01  5.410E+00  1.248E-01
