! Profile #11, from [checked] H2O=329, and O3=fake 
! 
! Fake H2O for P < 100 mb 
! 
! This file last updated July 2000
'P'  43  5 
 1  2  3  5  6 
 45.0 0.0                                                                                 
 1.00000E+03  276.16  2.62300E+19  4.624E+03  3.700E+02  2.900E-02  8.982E-02  1.857E+00
 9.50000E+02  273.95  2.51200E+19  4.508E+03  3.700E+02  3.184E-02  8.999E-02  1.854E+00
 9.20000E+02  272.57  2.44500E+19  4.436E+03  3.700E+02  3.362E-02  9.013E-02  1.853E+00
 8.50000E+02  269.16  2.28700E+19  4.171E+03  3.700E+02  3.800E-02  9.055E-02  1.851E+00
 7.80000E+02  264.73  2.13400E+19  3.097E+03  3.700E+02  3.889E-02  9.108E-02  1.850E+00
 7.00000E+02  259.16  1.95600E+19  1.744E+03  3.700E+02  4.000E-02  9.173E-02  1.852E+00
 6.70000E+02  257.21  1.88700E+19  1.579E+03  3.700E+02  4.234E-02  9.194E-02  1.853E+00
 6.20000E+02  253.75  1.77000E+19  1.286E+03  3.700E+02  4.649E-02  9.221E-02  1.856E+00
 5.70000E+02  250.00  1.65100E+19  9.695E+02  3.700E+02  5.099E-02  9.226E-02  1.861E+00
 5.00000E+02  244.16  1.48300E+19  4.759E+02  3.700E+02  5.800E-02  9.166E-02  1.870E+00
 4.75000E+02  241.63  1.42400E+19  4.020E+02  3.700E+02  6.122E-02  9.115E-02  1.874E+00
 4.30000E+02  236.73  1.31600E+19  2.556E+02  3.700E+02  6.746E-02  8.959E-02  1.882E+00
 4.00000E+02  233.16  1.24300E+19  1.511E+02  3.700E+02  7.200E-02  8.791E-02  1.887E+00
 3.50000E+02  229.91  1.10300E+19  8.843E+01  3.700E+02  8.314E-02  8.343E-02  1.896E+00
 3.00000E+02  226.16  9.60700E+18  1.769E+01  3.700E+02  9.600E-02  7.581E-02  1.906E+00
 2.50000E+02  233.16  7.76600E+18  1.125E+01  3.700E+02  1.200E-01  6.343E-02  1.912E+00
 2.00000E+02  235.16  6.16000E+18  4.823E+00  3.700E+02  1.900E-01  4.687E-02  1.910E+00
 1.50000E+02  233.16  4.66000E+18  1.608E+00  3.700E+02  3.600E-01  3.547E-02  1.884E+00
 1.35000E+02  232.90  4.19800E+18  1.300E+00  3.700E+02  7.342E-01  2.955E-02  1.866E+00
 1.15000E+02  232.50  3.58200E+18  1.000E+00  3.700E+02  1.304E+00  2.019E-02  1.830E+00
 1.00000E+02  232.16  3.12000E+18  1.000E+00  3.700E+02  1.800E+00  1.783E-02  1.789E+00
 8.50000E+01  231.70  2.65700E+18  9.500E-01  3.700E+02  2.301E+00  1.721E-02  1.731E+00
 7.00000E+01  231.16  2.19300E+18  9.300E-01  3.700E+02  2.900E+00  1.678E-02  1.648E+00
 6.00000E+01  231.16  1.88000E+18  1.000E+00  3.700E+02  3.037E+00  1.659E-02  1.571E+00
 5.00000E+01  231.16  1.56700E+18  1.400E+00  3.700E+02  3.200E+00  1.656E-02  1.472E+00
 3.00000E+01  234.16  9.27900E+17  1.300E+00  3.700E+02  4.100E+00  1.775E-02  1.189E+00
 2.50000E+01  236.63  7.65200E+17  1.700E+00  3.700E+02  4.370E+00  1.821E-02  1.112E+00
 2.00000E+01  239.66  6.04400E+17  1.400E+00  3.700E+02  4.700E+00  1.835E-02  1.040E+00
 1.50000E+01  243.31  4.46500E+17  1.600E+00  3.700E+02  5.198E+00  1.810E-02  9.676E-01
 1.00000E+01  248.46  2.91500E+17  1.800E+00  3.700E+02  5.900E+00  1.758E-02  8.822E-01
 7.00000E+00  254.36  1.99300E+17  1.800E+00  3.700E+02  6.466E+00  1.735E-02  8.242E-01
 5.00000E+00  261.26  1.38600E+17  1.900E+00  3.700E+02  7.000E+00  1.751E-02  7.777E-01
 4.00000E+00  266.41  1.08700E+17  2.000E+00  3.700E+02  6.513E+00  1.788E-02  7.346E-01
 3.00000E+00  273.06  7.95700E+16  1.900E+00  3.700E+02  5.885E+00  1.874E-02  6.438E-01
 2.00000E+00  278.66  5.19800E+16  1.800E+00  3.700E+02  5.000E+00  2.090E-02  4.682E-01
 1.50000E+00  280.69  3.87100E+16  1.700E+00  3.700E+02  4.253E+00  2.335E-02  3.780E-01
 1.00000E+00  283.56  2.55400E+16  1.800E+00  3.700E+02  3.200E+00  2.831E-02  2.548E-01
 5.00000E-01  277.46  1.30500E+16  1.900E+00  3.700E+02  1.584E+00  4.055E-02  1.726E-01
 2.00000E-01  257.47  5.62600E+15  2.100E+00  3.700E+02  8.519E-01  9.380E-02  1.535E-01
 1.00000E-01  239.37  3.02600E+15  2.000E+00  3.700E+02  4.937E-01  2.215E-01  1.507E-01
 5.22000E-02  225.97  1.67300E+15  2.000E+00  3.700E+02  2.200E-01  4.850E-01  1.571E-01
 1.05000E-02  204.97  3.71000E+14  1.900E+00  3.678E+02  2.700E-01  1.530E+00  1.758E-01
 1.84000E-03  193.27  6.89500E+13  1.600E+00  3.476E+02  4.500E-01  3.852E+00  1.621E-01
