! My profile #14, from [checked] H2O=838, and O3=jul20 
! I slightly modified the O3 near 2-1 mb. 
! Fake profiles below 1 mb for O3 and 100 mb for H2O 
! 
! This file last updated July 2000
'P'  43  5 
 1  2  3  5  6 
 45.0 0.0                                                                                 
 1.00000E+03  298.16  2.42900E+19  2.281E+04  3.700E+02  2.600E-02  2.019E-01  1.559E+00
 9.50000E+02  295.00  2.33200E+19  1.899E+04  3.700E+02  2.758E-02  1.812E-01  1.553E+00
 9.20000E+02  293.03  2.27400E+19  1.661E+04  3.700E+02  2.857E-02  1.713E-01  1.550E+00
 8.50000E+02  288.16  2.13600E+19  1.204E+04  3.700E+02  3.100E-02  1.541E-01  1.544E+00
 7.80000E+02  283.73  1.99100E+19  8.975E+03  3.700E+02  3.454E-02  1.426E-01  1.541E+00
 7.00000E+02  278.16  1.82300E+19  5.111E+03  3.700E+02  3.900E-02  1.331E-01  1.540E+00
 6.70000E+02  276.60  1.75400E+19  4.597E+03  3.700E+02  4.056E-02  1.298E-01  1.540E+00
 6.20000E+02  273.83  1.64000E+19  3.685E+03  3.700E+02  4.333E-02  1.231E-01  1.543E+00
 5.70000E+02  270.83  1.52400E+19  2.696E+03  3.700E+02  4.633E-02  1.152E-01  1.546E+00
 5.00000E+02  266.16  1.36100E+19  1.156E+03  3.700E+02  5.100E-02  1.033E-01  1.553E+00
 4.75000E+02  263.40  1.30600E+19  1.008E+03  3.700E+02  5.238E-02  9.919E-02  1.558E+00
 4.30000E+02  258.05  1.20700E+19  7.187E+02  3.700E+02  5.505E-02  9.197E-02  1.564E+00
 4.00000E+02  254.16  1.14000E+19  5.097E+02  3.700E+02  5.700E-02  8.726E-02  1.569E+00
 3.50000E+02  249.05  1.01800E+19  3.730E+02  3.700E+02  6.025E-02  7.945E-02  1.577E+00
 3.00000E+02  243.16  8.93600E+18  2.138E+02  3.700E+02  6.400E-02  7.138E-02  1.582E+00
 2.50000E+02  239.16  7.57100E+18  1.238E+02  3.700E+02  7.100E-02  6.225E-02  1.581E+00
 2.00000E+02  222.16  6.52000E+18  6.270E+01  3.700E+02  9.400E-02  5.087E-02  1.562E+00
 1.50000E+02  212.16  5.12100E+18  2.733E+01  3.700E+02  2.050E-01  3.893E-02  1.518E+00
 1.35000E+02  208.52  4.68900E+18  1.920E+01  3.700E+02  3.087E-01  3.577E-02  1.504E+00
 1.15000E+02  202.99  4.10300E+18  9.600E+00  3.700E+02  4.665E-01  3.181E-02  1.490E+00
 1.00000E+02  198.16  3.65500E+18  2.800E+00  3.700E+02  6.040E-01  2.894E-02  1.483E+00
 8.50000E+01  198.62  3.10000E+18  2.800E+00  3.700E+02  9.754E-01  2.592E-02  1.473E+00
 7.00000E+01  199.16  2.54600E+18  2.500E+00  3.700E+02  1.419E+00  2.236E-02  1.447E+00
 6.00000E+01  203.28  2.13800E+18  2.800E+00  3.700E+02  2.180E+00  1.964E-02  1.407E+00
 5.00000E+01  208.16  1.74000E+18  3.000E+00  3.700E+02  3.080E+00  1.688E-02  1.333E+00
 3.00000E+01  217.16  1.00100E+18  2.800E+00  3.700E+02  5.978E+00  1.309E-02  1.084E+00
 2.50000E+01  218.73  8.27800E+17  3.400E+00  3.700E+02  6.232E+00  1.313E-02  1.016E+00
 2.00000E+01  220.66  6.56500E+17  3.700E+00  3.700E+02  6.542E+00  1.370E-02  9.518E-01
 1.50000E+01  224.77  4.83300E+17  3.600E+00  3.700E+02  6.308E+00  1.465E-02  8.993E-01
 1.00000E+01  230.56  3.14100E+17  3.500E+00  3.700E+02  5.978E+00  1.544E-02  8.482E-01
 7.00000E+00  238.46  2.12600E+17  3.100E+00  3.700E+02  5.139E+00  1.657E-02  7.923E-01
 5.00000E+00  249.36  1.45200E+17  3.500E+00  3.700E+02  4.348E+00  1.833E-02  7.112E-01
 4.00000E+00  252.72  1.14600E+17  3.600E+00  3.700E+02  4.216E+00  1.968E-02  6.402E-01
 3.00000E+00  257.06  8.45300E+16  3.000E+00  3.700E+02  4.045E+00  2.093E-02  5.482E-01
 2.00000E+00  264.86  5.46900E+16  2.700E+00  3.700E+02  3.950E+00  2.598E-02  4.590E-01
 1.50000E+00  268.30  4.04900E+16  3.100E+00  3.700E+02  3.870E+00  4.047E-02  3.980E-01
 1.00000E+00  273.16  2.65100E+16  3.200E+00  3.700E+02  3.805E+00  5.538E-02  2.733E-01
 5.00000E-01  267.46  1.35400E+16  2.900E+00  3.700E+02  2.322E+00  7.194E-02  1.824E-01
 2.00000E-01  256.12  5.65600E+15  3.200E+00  3.700E+02  1.139E+00  1.364E-01  1.730E-01
 1.00000E-01  247.23  2.93000E+15  3.500E+00  3.700E+02  7.101E-01  2.115E-01  1.644E-01
 5.22000E-02  233.83  1.61700E+15  3.200E+00  3.700E+02  3.261E-01  3.136E-01  1.661E-01
 1.05000E-02  212.83  3.57300E+14  3.000E+00  3.678E+02  3.261E-01  8.022E-01  1.761E-01
 1.84000E-03  201.13  6.62600E+13  3.400E+00  3.476E+02  7.610E-01  4.689E+00  1.654E-01
