! MODEL 1 : TROPICAL. 
! CO2 mixing ratio is AFGL value scaled by 370/330
! CH4 mixing ratio is AFGL value scaled by 1.8/1.7
! 
! This file last updated July 2000
'P'  50  5 
 1  2  3  5  6 
 15.0  0.0 
 1.01300E+03  299.70  2.45000E+19  2.593E+04  3.700E+02  2.869E-02  1.441E-01  1.800E+00
 9.04000E+02  293.70  2.23100E+19  1.949E+04  3.700E+02  3.150E-02  1.301E-01  1.800E+00
 8.05000E+02  287.70  2.02800E+19  1.534E+04  3.700E+02  3.342E-02  1.205E-01  1.800E+00
 7.15000E+02  283.70  1.82700E+19  8.600E+03  3.700E+02  3.504E-02  1.185E-01  1.800E+00
 6.33000E+02  277.00  1.65600E+19  4.441E+03  3.700E+02  3.561E-02  1.300E-01  1.800E+00
 5.59000E+02  270.30  1.49900E+19  3.346E+03  3.700E+02  3.767E-02  1.433E-01  1.800E+00
 4.92000E+02  263.60  1.35300E+19  2.101E+03  3.700E+02  3.989E-02  1.394E-01  1.800E+00
 4.32000E+02  257.00  1.21800E+19  1.289E+03  3.700E+02  4.223E-02  1.467E-01  1.799E+00
 3.78000E+02  250.30  1.09500E+19  7.637E+02  3.700E+02  4.471E-02  9.681E-02  1.797E+00
 3.29000E+02  243.60  9.78900E+18  4.098E+02  3.700E+02  5.000E-02  4.414E-02  1.793E+00
 2.86000E+02  237.00  8.74700E+18  1.912E+02  3.700E+02  5.595E-02  4.255E-02  1.784E+00
 2.47000E+02  230.10  7.78000E+18  7.306E+01  3.700E+02  6.613E-02  4.168E-02  1.774E+00
 2.13000E+02  223.60  6.90400E+18  2.905E+01  3.700E+02  7.815E-02  3.936E-02  1.760E+00
 1.82000E+02  217.00  6.07900E+18  9.900E+00  3.700E+02  9.289E-02  4.099E-02  1.742E+00
 1.56000E+02  210.30  5.37700E+18  6.220E+00  3.700E+02  1.050E-01  3.844E-02  1.722E+00
 1.32000E+02  203.70  4.69700E+18  4.000E+00  3.700E+02  1.256E-01  3.595E-02  1.699E+00
 1.11000E+02  197.00  4.08400E+18  3.000E+00  3.700E+02  1.444E-01  3.398E-02  1.675E+00
 9.37000E+01  194.80  3.48600E+18  2.900E+00  3.700E+02  2.500E-01  3.555E-02  1.644E+00
 7.89000E+01  198.80  2.87700E+18  2.750E+00  3.700E+02  5.000E-01  2.084E-02  1.610E+00
 6.66000E+01  202.70  2.38100E+18  2.600E+00  3.700E+02  9.500E-01  2.102E-02  1.567E+00
 5.65000E+01  206.70  1.98100E+18  2.600E+00  3.700E+02  1.400E+00  2.016E-02  1.508E+00
 4.80000E+01  210.70  1.65100E+18  2.650E+00  3.700E+02  1.800E+00  1.808E-02  1.435E+00
 4.09000E+01  214.60  1.38100E+18  2.800E+00  3.700E+02  2.400E+00  1.507E-02  1.347E+00
 3.50000E+01  217.00  1.16900E+18  2.900E+00  3.700E+02  3.400E+00  1.872E-02  1.261E+00
 3.00000E+01  219.20  9.92000E+17  3.200E+00  3.700E+02  4.300E+00  1.781E-02  1.184E+00
 2.57000E+01  221.40  8.41300E+17  3.250E+00  3.700E+02  5.400E+00  2.180E-02  1.117E+00
 1.76300E+01  227.00  5.62900E+17  3.600E+00  3.700E+02  7.800E+00  1.975E-02  1.045E+00
 1.22000E+01  232.30  3.80700E+17  4.000E+00  3.700E+02  9.300E+00  2.079E-02  9.673E-01
 8.52000E+00  237.70  2.59800E+17  4.300E+00  3.700E+02  9.850E+00  1.893E-02  8.788E-01
 6.00000E+00  243.10  1.78900E+17  4.600E+00  3.700E+02  9.700E+00  2.145E-02  7.899E-01
 4.26000E+00  248.50  1.24300E+17  4.900E+00  3.700E+02  8.800E+00  2.706E-02  7.007E-01
 3.05000E+00  254.00  8.70300E+16  5.200E+00  3.700E+02  7.500E+00  3.170E-02  5.970E-01
 2.20000E+00  259.40  6.14700E+16  5.500E+00  3.700E+02  5.900E+00  3.084E-02  4.885E-01
 1.59000E+00  264.80  4.35200E+16  5.700E+00  3.700E+02  4.500E+00  4.384E-02  3.845E-01
 1.16000E+00  269.60  3.11900E+16  5.900E+00  3.700E+02  3.450E+00  5.032E-02  2.936E-01
 8.54000E-01  270.20  2.29100E+16  6.000E+00  3.700E+02  2.800E+00  6.413E-02  2.224E-01
 4.56000E-01  263.40  1.25500E+16  6.000E+00  3.700E+02  1.800E+00  9.016E-02  1.748E-01
 2.39000E-01  253.10  6.84400E+15  6.000E+00  3.700E+02  1.100E+00  1.318E-01  1.588E-01
 1.21000E-01  236.00  3.71600E+15  5.400E+00  3.700E+02  6.500E-01  2.354E-01  1.588E-01
 5.80000E-02  218.90  1.92000E+15  4.500E+00  3.700E+02  3.000E-01  3.243E-01  1.588E-01
 2.60000E-02  201.80  9.33800E+14  3.300E+00  3.700E+02  1.800E-01  7.947E-01  1.588E-01
 1.10000E-02  184.80  4.31400E+14  2.100E+00  3.678E+02  3.300E-01  1.873E+00  1.588E-01
 4.40000E-03  177.10  1.80100E+14  1.300E+00  3.588E+02  5.000E-01  3.739E+00  1.588E-01
 1.72000E-03  177.00  7.04300E+13  8.500E-01  3.476E+02  5.200E-01  7.558E+00  1.482E-01
 6.88000E-04  184.30  2.70600E+13  5.400E-01  3.027E+02  5.000E-01  1.412E+01  1.376E-01
 2.89000E-04  190.70  1.09800E+13  4.000E-01  2.186E+02  4.000E-01  1.841E+01  1.271E-01
 1.30000E-04  212.00  4.44500E+12  3.400E-01  1.233E+02  2.000E-01  2.602E+01  1.165E-01
 6.47000E-05  241.60  1.94100E+12  2.800E-01  6.727E+01  5.000E-02  3.510E+01  1.006E-01
 3.60000E-05  299.70  8.70600E+11  2.400E-01  4.485E+01  5.000E-03  4.369E+01  6.353E-02
 2.25000E-05  380.00  4.22500E+11  2.000E-01  3.924E+01  5.000E-04  5.532E+01  3.176E-02
