! TIGR profile number  309 
! Created using makeprof_tigr and database tigr.fdata.new 
! fake O3 
! Fake 1070 mb data to prevent H2O interpolation saturation 
! This file last updated July 2000
'P'  44  5 
 1  2  3  5  6 
 -31.560    0.000 
 1.07000E+03  287.50  2.69556E+19  1.490E+04  3.700E+02  2.100E-02  1.770E-01  2.012E+00
 1.01300E+03  286.95  2.55686E+19  1.451E+04  3.700E+02  2.100E-02  1.780E-01  1.969E+00
 9.55120E+02  286.45  2.41498E+19  1.074E+04  3.700E+02  2.300E-02  1.786E-01  1.913E+00
 9.00330E+02  282.95  2.30460E+19  8.857E+03  3.700E+02  2.200E-02  1.793E-01  1.868E+00
 8.48690E+02  280.15  2.19413E+19  5.590E+03  3.700E+02  2.300E-02  1.800E-01  1.830E+00
 8.00000E+02  281.25  2.06016E+19  2.915E+03  3.700E+02  2.400E-02  1.807E-01  1.799E+00
 7.24780E+02  280.45  1.87178E+19  1.778E+03  3.700E+02  2.700E-02  1.816E-01  1.762E+00
 6.51040E+02  275.45  1.71186E+19  1.016E+03  3.700E+02  3.000E-02  1.818E-01  1.739E+00
 5.84800E+02  267.35  1.58428E+19  4.489E+02  3.700E+02  3.300E-02  1.808E-01  1.731E+00
 5.25000E+02  259.05  1.46784E+19  2.309E+02  3.700E+02  3.500E-02  1.782E-01  1.736E+00
 4.71860E+02  251.94  1.35650E+19  1.158E+02  3.700E+02  4.100E-02  1.735E-01  1.751E+00
 4.23850E+02  245.34  1.25126E+19  5.902E+01  3.700E+02  4.600E-02  1.667E-01  1.775E+00
 3.80730E+02  239.25  1.15257E+19  2.916E+01  3.700E+02  5.300E-02  1.575E-01  1.803E+00
 3.41990E+02  233.65  1.06011E+19  1.410E+01  3.700E+02  6.200E-02  1.460E-01  1.835E+00
 3.07200E+02  228.85  9.72241E+18  7.437E+00  3.700E+02  7.000E-02  1.327E-01  1.868E+00
 2.75950E+02  225.16  8.87652E+18  5.391E+00  3.700E+02  7.500E-02  1.182E-01  1.897E+00
 2.47870E+02  221.85  8.09223E+18  3.907E+00  3.700E+02  8.000E-02  1.032E-01  1.919E+00
 2.22650E+02  219.85  7.33500E+18  3.216E+00  3.700E+02  8.500E-02  8.856E-02  1.926E+00
 2.00000E+02  217.85  6.64930E+18  3.216E+00  3.700E+02  9.000E-02  7.606E-02  1.914E+00
 1.61990E+02  215.75  5.43803E+18  3.216E+00  3.700E+02  1.600E-01  6.529E-02  1.819E+00
 1.31200E+02  212.95  4.46231E+18  3.200E+00  3.700E+02  2.300E-01  6.292E-02  1.671E+00
 1.06270E+02  212.15  3.62803E+18  3.800E+00  3.700E+02  3.000E-01  2.986E-02  1.573E+00
 8.60700E+01  212.45  2.93426E+18  3.800E+00  3.700E+02  1.000E+00  2.143E-02  1.524E+00
 6.97100E+01  212.15  2.37988E+18  3.800E+00  3.700E+02  1.700E+00  1.629E-02  1.478E+00
 5.64600E+01  212.05  1.92844E+18  3.600E+00  3.700E+02  2.400E+00  1.259E-02  1.428E+00
 4.57300E+01  211.35  1.56712E+18  2.700E+00  3.700E+02  3.400E+00  1.146E-02  1.375E+00
 3.70400E+01  210.06  1.27712E+18  2.800E+00  3.700E+02  4.500E+00  1.170E-02  1.322E+00
 2.47900E+01  213.56  8.40737E+17  3.100E+00  3.700E+02  4.900E+00  1.211E-02  1.203E+00
 1.66000E+01  216.28  5.55899E+17  3.100E+00  3.700E+02  4.100E+00  1.124E-02  1.050E+00
 1.11100E+01  220.93  3.64219E+17  3.000E+00  3.700E+02  3.700E+00  1.136E-02  9.044E-01
 7.43000E+00  227.00  2.37065E+17  2.800E+00  3.700E+02  3.900E+00  1.313E-02  7.743E-01
 4.98000E+00  234.24  1.53983E+17  3.500E+00  3.700E+02  3.700E+00  1.623E-02  6.624E-01
 3.33000E+00  242.00  9.96627E+16  4.100E+00  3.700E+02  3.300E+00  2.039E-02  5.960E-01
 2.23000E+00  248.26  6.50582E+16  3.700E+00  3.700E+02  2.500E+00  2.505E-02  5.146E-01
 1.50000E+00  251.66  4.31699E+16  2.900E+00  3.700E+02  2.200E+00  3.014E-02  3.570E-01
 1.00000E+00  254.13  2.85002E+16  2.200E+00  3.700E+02  2.200E+00  3.610E-02  2.790E-01
 5.50000E-01  252.09  1.58020E+16  2.600E+00  3.700E+02  2.100E+00  4.721E-02  2.165E-01
 3.00000E-01  244.54  8.88536E+15  2.900E+00  3.700E+02  7.700E-01  6.322E-02  1.877E-01
 1.70000E-01  236.07  5.21569E+15  2.600E+00  3.700E+02  5.900E-01  8.713E-02  1.720E-01
 9.00000E-02  226.59  2.87677E+15  3.200E+00  3.700E+02  3.500E-01  1.623E-01  1.633E-01
 5.00000E-02  217.83  1.66248E+15  3.800E+00  3.700E+02  2.700E-01  3.287E-01  1.607E-01
 2.40000E-02  206.73  8.40836E+14  3.400E+00  3.700E+02  1.800E-01  6.474E-01  1.619E-01
 1.05000E-02  196.93  3.86172E+14  3.900E+00  3.678E+02  2.900E-01  1.519E+00  1.651E-01
 1.84000E-03  185.23  7.19466E+13  4.400E+00  3.476E+02  2.700E-01  6.532E+00  1.568E-01
