! TIGR profile number  665 
! Created using makeprof_tigr and database tigr.fdata.new 
! fake O3 
!  
! This file last updated July 2000
'P'  43  5 
 1  2  3  5  6 
  61.270    0.000  261.25  1013.25 
 1.01300E+03  261.25  2.80839E+19  1.768E+03  3.700E+02  4.200E-02  1.018E-01  1.627E+00
 9.55120E+02  259.75  2.66321E+19  1.576E+03  3.700E+02  4.600E-02  9.855E-02  1.621E+00
 9.00330E+02  263.82  2.47171E+19  2.479E+03  3.700E+02  4.800E-02  9.561E-02  1.614E+00
 8.48690E+02  265.85  2.31215E+19  3.894E+03  3.700E+02  5.100E-02  9.302E-02  1.607E+00
 8.00000E+02  268.60  2.15719E+19  5.442E+03  3.700E+02  5.400E-02  9.073E-02  1.600E+00
 7.24780E+02  264.13  1.98743E+19  3.593E+03  3.700E+02  5.800E-02  8.746E-02  1.589E+00
 6.51040E+02  258.45  1.82446E+19  2.202E+03  3.700E+02  6.400E-02  8.453E-02  1.578E+00
 5.84800E+02  252.40  1.67812E+19  1.266E+03  3.700E+02  6.900E-02  8.208E-02  1.567E+00
 5.25000E+02  249.30  1.52525E+19  1.116E+03  3.700E+02  7.500E-02  7.994E-02  1.556E+00
 4.71860E+02  245.33  1.39305E+19  8.876E+02  3.700E+02  8.800E-02  7.799E-02  1.547E+00
 4.23850E+02  239.56  1.28145E+19  5.422E+02  3.700E+02  9.900E-02  7.608E-02  1.538E+00
 3.80730E+02  233.98  1.17853E+19  3.256E+02  3.700E+02  1.400E-01  7.411E-02  1.530E+00
 3.41990E+02  228.61  1.08348E+19  1.925E+02  3.700E+02  2.300E-01  7.185E-02  1.524E+00
 3.07200E+02  223.24  9.96674E+18  1.104E+02  3.700E+02  3.400E-01  6.886E-02  1.517E+00
 2.75950E+02  217.83  9.17522E+18  8.001E+01  3.700E+02  4.100E-01  6.474E-02  1.513E+00
 2.47870E+02  212.46  8.44988E+18  5.798E+01  3.700E+02  4.900E-01  5.926E-02  1.509E+00
 2.22650E+02  207.55  7.76969E+18  4.000E+01  3.700E+02  5.800E-01  5.240E-02  1.507E+00
 2.00000E+02  202.65  7.14804E+18  2.350E+01  3.700E+02  6.800E-01  4.463E-02  1.506E+00
 1.61990E+02  200.99  5.83737E+18  1.618E+01  3.700E+02  1.000E+00  3.094E-02  1.507E+00
 1.31200E+02  208.88  4.54926E+18  6.900E+00  3.700E+02  1.700E+00  2.229E-02  1.515E+00
 1.06270E+02  213.78  3.60037E+18  3.500E+00  3.700E+02  2.300E+00  1.827E-02  1.526E+00
 8.60700E+01  216.04  2.88550E+18  2.600E+00  3.700E+02  3.000E+00  1.567E-02  1.534E+00
 6.97100E+01  219.12  2.30418E+18  3.300E+00  3.700E+02  3.700E+00  1.137E-02  1.533E+00
 5.64600E+01  222.63  1.83680E+18  3.800E+00  3.700E+02  5.500E+00  9.462E-03  1.516E+00
 4.57300E+01  226.57  1.46185E+18  2.900E+00  3.700E+02  6.000E+00  9.495E-03  1.478E+00
 3.70400E+01  231.11  1.16080E+18  2.400E+00  3.700E+02  6.700E+00  1.014E-02  1.422E+00
 2.47900E+01  235.11  7.63676E+17  2.300E+00  3.700E+02  6.900E+00  1.125E-02  1.275E+00
 1.66000E+01  236.28  5.08845E+17  2.300E+00  3.700E+02  7.000E+00  1.267E-02  1.087E+00
 1.11100E+01  241.54  3.33142E+17  2.800E+00  3.700E+02  7.200E+00  1.713E-02  8.654E-01
 7.43000E+00  254.49  2.11457E+17  3.800E+00  3.700E+02  7.400E+00  2.616E-02  8.030E-01
 4.98000E+00  265.46  1.35873E+17  3.900E+00  3.700E+02  7.700E+00  3.579E-02  8.049E-01
 3.33000E+00  268.32  8.98866E+16  3.500E+00  3.700E+02  6.200E+00  4.908E-02  7.019E-01
 2.23000E+00  268.69  6.01114E+16  3.500E+00  3.700E+02  4.800E+00  6.306E-02  5.052E-01
 1.50000E+00  265.05  4.09890E+16  2.900E+00  3.700E+02  4.000E+00  7.333E-02  4.146E-01
 1.00000E+00  260.08  2.78482E+16  2.300E+00  3.700E+02  4.600E+00  8.089E-02  2.815E-01
 5.50000E-01  253.85  1.56924E+16  2.400E+00  3.700E+02  2.800E+00  9.372E-02  1.873E-01
 3.00000E-01  244.04  8.90357E+15  2.900E+00  3.700E+02  2.400E+00  1.169E-01  1.347E-01
 1.70000E-01  233.73  5.26791E+15  2.600E+00  3.700E+02  1.700E+00  1.332E-01  1.260E-01
 9.00000E-02  222.18  2.93387E+15  3.100E+00  3.700E+02  1.200E+00  1.744E-01  1.334E-01
 5.00000E-02  211.51  1.71215E+15  3.300E+00  3.700E+02  8.000E-01  2.801E-01  1.360E-01
 2.40000E-02  200.41  8.67352E+14  2.300E+00  3.700E+02  4.200E-01  4.531E-01  1.381E-01
 1.05000E-02  190.61  3.98977E+14  2.300E+00  3.678E+02  3.600E-01  1.440E+00  1.458E-01
 1.84000E-03  178.91  7.44881E+13  3.300E+00  3.476E+02  6.700E-01  9.559E+00  1.610E-01
