! TIGR profile number  167 
! Created using makeprof_tigr and database tigr.fdata.new 
! fake O3 (replaced Feb.2002)
! 
! This file last updated March 2002 (ozone & methane only)
'P'  43  5 
 1  2  3  5  6 
  -9.260    0.000 
 1.01300E+03  302.55  2.42502E+19  3.410E+04  3.700E+02  1.000E-02  2.876E-01  1.800E+00
 9.55120E+02  298.85  2.31477E+19  3.346E+04  3.700E+02  1.020E-02  3.036E-01  1.810E+00
 9.00330E+02  294.85  2.21159E+19  2.840E+04  3.700E+02  1.050E-02  3.074E-01  1.820E+00
 8.48690E+02  292.25  2.10329E+19  2.076E+04  3.700E+02  1.070E-02  3.001E-01  1.830E+00
 8.00000E+02  289.45  2.00180E+19  2.106E+04  3.700E+02  1.100E-02  2.839E-01  1.840E+00
 7.24780E+02  286.15  1.83449E+19  1.843E+04  3.700E+02  1.200E-02  2.449E-01  1.850E+00
 6.51040E+02  281.65  1.67418E+19  1.310E+04  3.700E+02  1.300E-02  1.977E-01  1.860E+00
 5.84800E+02  275.85  1.53546E+19  8.703E+03  3.700E+02  1.350E-02  1.557E-01  1.870E+00
 5.25000E+02  270.95  1.40338E+19  5.143E+03  3.700E+02  1.450E-02  1.244E-01  1.860E+00
 4.71860E+02  266.35  1.28311E+19  4.142E+03  3.700E+02  1.500E-02  1.068E-01  1.850E+00
 4.23850E+02  261.75  1.17281E+19  1.839E+03  3.700E+02  1.600E-02  9.713E-02  1.840E+00
 3.80730E+02  259.45  1.06284E+19  1.167E+03  3.700E+02  1.700E-02  8.853E-02  1.830E+00
 3.41990E+02  258.25  9.59129E+18  1.044E+03  3.700E+02  1.800E-02  7.974E-02  1.830E+00
 3.07200E+02  257.15  8.65244E+18  9.313E+02  3.700E+02  1.900E-02  7.183E-02  1.830E+00
 2.75950E+02  253.56  7.88231E+18  6.750E+02  3.700E+02  2.100E-02  6.542E-02  1.840E+00
 2.47870E+02  249.24  7.20294E+18  4.892E+02  3.700E+02  2.400E-02  6.052E-02  1.850E+00
 2.22650E+02  242.36  6.65373E+18  3.546E+02  3.700E+02  2.800E-02  5.709E-02  1.860E+00
 2.00000E+02  235.45  6.15227E+18  2.570E+02  3.700E+02  3.600E-02  5.506E-02  1.860E+00
 1.61990E+02  223.45  5.25063E+18  1.365E+02  3.700E+02  7.400E-02  5.357E-02  1.850E+00
 1.31200E+02  211.65  4.48972E+18  6.250E+01  3.700E+02  1.400E-01  5.253E-02  1.840E+00
 1.06270E+02  200.64  3.83616E+18  2.280E+01  3.700E+02  2.400E-01  4.959E-02  1.830E+00
 8.60700E+01  190.36  3.27476E+18  1.400E+01  3.700E+02  3.000E-01  4.364E-02  1.820E+00
 6.97100E+01  196.65  2.56747E+18  8.700E+00  3.700E+02  4.300E-01  3.684E-02  1.800E+00
 5.64600E+01  204.17  2.00287E+18  4.900E+00  3.700E+02  6.200E-01  3.177E-02  1.750E+00
 4.57300E+01  208.84  1.58596E+18  3.300E+00  3.700E+02  9.000E-01  2.890E-02  1.700E+00
 3.70400E+01  212.93  1.25990E+18  4.000E+00  3.700E+02  1.400E+00  2.757E-02  1.650E+00
 2.47900E+01  219.64  8.17464E+17  4.200E+00  3.700E+02  2.400E+00  2.720E-02  1.600E+00
 1.66000E+01  224.72  5.35020E+17  3.700E+00  3.700E+02  2.800E+00  2.750E-02  1.500E+00
 1.11100E+01  229.04  3.51323E+17  3.000E+00  3.700E+02  2.900E+00  2.817E-02  1.400E+00
 7.43000E+00  234.31  2.29669E+17  2.400E+00  3.700E+02  2.800E+00  3.123E-02  1.200E+00
 4.98000E+00  241.62  1.49280E+17  3.300E+00  3.700E+02  2.400E+00  3.381E-02  1.000E+00
 3.33000E+00  251.54  9.58828E+16  4.100E+00  3.700E+02  2.200E+00  3.394E-02  8.000E-01
 2.23000E+00  259.56  6.22258E+16  3.700E+00  3.700E+02  1.800E+00  3.357E-02  6.400E-01
 1.50000E+00  262.50  4.13872E+16  4.000E+00  3.700E+02  1.400E+00  3.428E-02  4.500E-01
 1.00000E+00  263.32  2.75055E+16  4.500E+00  3.700E+02  1.100E+00  3.705E-02  3.000E-01
 5.50000E-01  263.11  1.51401E+16  4.500E+00  3.700E+02  9.300E-01  4.749E-02  2.100E-01
 3.00000E-01  256.44  8.47304E+15  3.700E+00  3.700E+02  6.000E-01  6.908E-02  1.600E-01
 1.70000E-01  248.47  4.95540E+15  2.900E+00  3.700E+02  4.400E-01  1.045E-01  1.500E-01
 9.00000E-02  239.54  2.72125E+15  3.500E+00  3.700E+02  3.900E-01  1.720E-01  1.600E-01
 5.00000E-02  231.28  1.56580E+15  3.700E+00  3.700E+02  3.500E-01  2.781E-01  1.700E-01
 2.40000E-02  220.18  7.89473E+14  2.800E+00  3.700E+02  3.000E-01  4.746E-01  1.550E-01
 1.05000E-02  210.38  3.61484E+14  2.500E+00  3.678E+02  2.600E-01  1.248E+00  1.600E-01
 1.84000E-03  198.68  6.70760E+13  3.000E+00  3.476E+02  2.900E-01  3.934E+00  1.400E-01



