! TIGR profile number 1194 
! Created using makeprof_tigr and database tigr.fdata.new 
! fake O3 
!  
! This file last updated July 2000
'P'  43  5 
 1  2  3  5  6 
  71.140    0.000  250.45  1013.25 
 1.01300E+03  250.45  2.92949E+19  6.155E+02  3.700E+02  5.900E-02  5.119E-01  1.934E+00
 9.55120E+02  248.38  2.78513E+19  5.368E+02  3.700E+02  4.700E-02  4.929E-01  1.920E+00
 9.00330E+02  248.37  2.62547E+19  6.111E+02  3.700E+02  4.000E-02  4.765E-01  1.907E+00
 8.48690E+02  252.87  2.43084E+19  9.742E+02  3.700E+02  4.100E-02  4.619E-01  1.898E+00
 8.00000E+02  253.29  2.28758E+19  1.242E+03  3.700E+02  4.200E-02  4.482E-01  1.893E+00
 7.24780E+02  253.32  2.07224E+19  1.446E+03  3.700E+02  4.700E-02  4.259E-01  1.891E+00
 6.51040E+02  250.12  1.88522E+19  1.133E+03  3.700E+02  5.300E-02  3.995E-01  1.895E+00
 5.84800E+02  245.33  1.72648E+19  6.561E+02  3.700E+02  5.800E-02  3.686E-01  1.908E+00
 5.25000E+02  239.82  1.58554E+19  4.108E+02  3.700E+02  6.400E-02  3.315E-01  1.927E+00
 4.71860E+02  235.82  1.44923E+19  2.638E+02  3.700E+02  7.900E-02  2.893E-01  1.950E+00
 4.23850E+02  231.31  1.32715E+19  1.633E+02  3.700E+02  1.000E-01  2.465E-01  1.978E+00
 3.80730E+02  227.64  1.21136E+19  1.038E+02  3.700E+02  1.200E-01  2.077E-01  2.003E+00
 3.41990E+02  225.27  1.09955E+19  8.321E+01  3.700E+02  1.500E-01  1.744E-01  2.017E+00
 3.07200E+02  222.31  1.00084E+19  6.136E+01  3.700E+02  1.800E-01  1.452E-01  2.010E+00
 2.75950E+02  218.17  9.16092E+18  4.447E+01  3.700E+02  2.000E-01  1.192E-01  1.976E+00
 2.47870E+02  214.06  8.38672E+18  3.223E+01  3.700E+02  2.100E-01  9.725E-02  1.921E+00
 2.22650E+02  214.26  7.52637E+18  2.336E+01  3.700E+02  2.200E-01  7.945E-02  1.868E+00
 2.00000E+02  214.45  6.75473E+18  1.693E+01  3.700E+02  2.400E-01  6.562E-02  1.837E+00
 1.61990E+02  214.89  5.45979E+18  8.996E+00  3.700E+02  6.200E-01  4.662E-02  1.849E+00
 1.31200E+02  214.45  4.43110E+18  4.200E+00  3.700E+02  1.000E+00  3.251E-02  1.873E+00
 1.06270E+02  213.48  3.60543E+18  2.600E+00  3.700E+02  1.400E+00  2.225E-02  1.862E+00
 8.60700E+01  213.06  2.92586E+18  3.600E+00  3.700E+02  2.300E+00  1.631E-02  1.813E+00
 6.97100E+01  212.90  2.37150E+18  4.100E+00  3.700E+02  3.200E+00  1.328E-02  1.706E+00
 5.64600E+01  214.44  1.90695E+18  3.600E+00  3.700E+02  3.800E+00  1.195E-02  1.549E+00
 4.57300E+01  214.57  1.54360E+18  2.600E+00  3.700E+02  4.400E+00  1.133E-02  1.405E+00
 3.70400E+01  214.68  1.24963E+18  2.200E+00  3.700E+02  5.100E+00  1.085E-02  1.318E+00
 2.47900E+01  215.50  8.33168E+17  2.700E+00  3.700E+02  5.000E+00  1.049E-02  1.258E+00
 1.66000E+01  216.49  5.55360E+17  2.800E+00  3.700E+02  4.400E+00  1.152E-02  1.177E+00
 1.11100E+01  221.41  3.63430E+17  2.600E+00  3.700E+02  4.300E+00  1.354E-02  1.053E+00
 7.43000E+00  225.68  2.38451E+17  2.400E+00  3.700E+02  5.600E+00  1.595E-02  9.005E-01
 4.98000E+00  232.81  1.54929E+17  3.000E+00  3.700E+02  6.700E+00  1.871E-02  7.438E-01
 3.33000E+00  237.40  1.01594E+17  3.600E+00  3.700E+02  8.300E+00  2.200E-02  5.978E-01
 2.23000E+00  240.48  6.71629E+16  3.400E+00  3.700E+02  7.700E+00  2.621E-02  4.782E-01
 1.50000E+00  242.81  4.47433E+16  3.100E+00  3.700E+02  2.400E+00  3.205E-02  3.894E-01
 1.00000E+00  245.08  2.95526E+16  2.900E+00  3.700E+02  2.500E+00  4.080E-02  3.114E-01
 5.50000E-01  246.94  1.61315E+16  2.900E+00  3.700E+02  1.000E+00  5.934E-02  1.980E-01
 3.00000E-01  242.12  8.97417E+15  3.600E+00  3.700E+02  8.000E-01  8.453E-02  1.495E-01
 1.70000E-01  235.93  5.21879E+15  4.500E+00  3.700E+02  6.000E-01  1.160E-01  1.450E-01
 9.00000E-02  229.00  2.84650E+15  3.300E+00  3.700E+02  4.600E-01  1.643E-01  1.447E-01
 5.00000E-02  222.59  1.62693E+15  2.400E+00  3.700E+02  3.600E-01  2.210E-01  1.459E-01
 2.40000E-02  211.49  8.21912E+14  3.600E+00  3.700E+02  2.600E-01  4.121E-01  1.550E-01
 1.05000E-02  201.69  3.77058E+14  4.200E+00  3.678E+02  1.600E-01  2.083E+00  1.724E-01
 1.84000E-03  189.99  7.01441E+13  3.300E+00  3.476E+02  4.200E-01  8.716E+00  1.569E-01
