! MODEL 2 : MIDLATITUDE SUMMER 
! CO2 mixing ratio is AFGL value scaled by 370/330 
! CH4 mixing ratio is AFGL value scaled by 1.8/1.7
! 
! This file last updated July 2000
'P'  50  5 
 1  2  3  5  6 
 45.0  0.0 
 1.01300E+03  294.20  2.49600E+19  1.876E+04  3.700E+02  3.017E-02  2.428E-01  1.800E+00
 9.02000E+02  289.70  2.25700E+19  1.378E+04  3.700E+02  3.337E-02  2.312E-01  1.800E+00
 8.02000E+02  285.20  2.03800E+19  9.680E+03  3.700E+02  3.694E-02  1.726E-01  1.800E+00
 7.10000E+02  279.20  1.84300E+19  5.984E+03  3.700E+02  4.222E-02  1.745E-01  1.800E+00
 6.28000E+02  273.20  1.66600E+19  3.813E+03  3.700E+02  4.821E-02  1.674E-01  1.797E+00
 5.54000E+02  267.20  1.50300E+19  2.225E+03  3.700E+02  5.512E-02  1.413E-01  1.786E+00
 4.87000E+02  261.20  1.35100E+19  1.510E+03  3.700E+02  6.408E-02  1.387E-01  1.770E+00
 4.26000E+02  254.70  1.21200E+19  1.020E+03  3.700E+02  7.764E-02  1.306E-01  1.746E+00
 3.72000E+02  248.20  1.08600E+19  6.464E+02  3.700E+02  9.126E-02  1.322E-01  1.725E+00
 3.24000E+02  241.70  9.71600E+18  4.129E+02  3.700E+02  1.111E-01  1.283E-01  1.710E+00
 2.81000E+02  235.30  8.65600E+18  2.472E+02  3.700E+02  1.304E-01  8.468E-02  1.672E+00
 2.43000E+02  228.80  7.69800E+18  9.556E+01  3.700E+02  1.793E-01  4.531E-02  1.633E+00
 2.09000E+02  222.30  6.81400E+18  2.944E+01  3.700E+02  2.230E-01  4.413E-02  1.597E+00
 1.79000E+02  215.80  6.01200E+18  8.000E+00  3.700E+02  3.000E-01  3.762E-02  1.566E+00
 1.53000E+02  215.70  5.14100E+18  5.000E+00  3.700E+02  4.400E-01  4.105E-02  1.536E+00
 1.30000E+02  215.70  4.36800E+18  3.400E+00  3.700E+02  5.000E-01  4.358E-02  1.506E+00
 1.11000E+02  215.70  3.73000E+18  3.300E+00  3.700E+02  6.000E-01  3.934E-02  1.472E+00
 9.50000E+01  215.70  3.19200E+18  3.200E+00  3.700E+02  7.000E-01  3.536E-02  1.436E+00
 8.12000E+01  216.80  2.71500E+18  3.150E+00  3.700E+02  1.000E+00  2.302E-02  1.401E+00
 6.95000E+01  217.90  2.31200E+18  3.200E+00  3.700E+02  1.500E+00  2.324E-02  1.356E+00
 5.95000E+01  219.20  1.96700E+18  3.300E+00  3.700E+02  2.000E+00  1.763E-02  1.296E+00
 5.10000E+01  220.40  1.67700E+18  3.450E+00  3.700E+02  2.400E+00  1.827E-02  1.222E+00
 4.37000E+01  221.60  1.42900E+18  3.600E+00  3.700E+02  2.900E+00  1.699E-02  1.129E+00
 3.76000E+01  222.80  1.22300E+18  3.850E+00  3.700E+02  3.400E+00  1.831E-02  1.030E+00
 3.22000E+01  223.90  1.04200E+18  4.000E+00  3.700E+02  4.000E+00  1.945E-02  9.318E-01
 2.77000E+01  225.10  8.91900E+17  4.200E+00  3.700E+02  4.800E+00  1.815E-02  8.352E-01
 1.90700E+01  228.45  6.05000E+17  4.450E+00  3.700E+02  6.000E+00  2.110E-02  7.460E-01
 1.32000E+01  233.70  4.09400E+17  4.700E+00  3.700E+02  7.000E+00  2.213E-02  6.686E-01
 9.30000E+00  239.00  2.82000E+17  4.850E+00  3.700E+02  8.100E+00  2.657E-02  5.921E-01
 6.52000E+00  245.20  1.92700E+17  4.950E+00  3.700E+02  8.900E+00  2.537E-02  5.303E-01
 4.64000E+00  251.30  1.33800E+17  5.000E+00  3.700E+02  8.700E+00  3.322E-02  4.715E-01
 3.33000E+00  257.50  9.37300E+16  5.100E+00  3.700E+02  7.550E+00  2.905E-02  4.146E-01
 2.41000E+00  263.70  6.62400E+16  5.300E+00  3.700E+02  5.900E+00  3.628E-02  3.588E-01
 1.76000E+00  269.90  4.72600E+16  5.450E+00  3.700E+02  4.500E+00  3.689E-02  3.042E-01
 1.29000E+00  275.20  3.39800E+16  5.500E+00  3.700E+02  3.500E+00  5.168E-02  2.524E-01
 9.51000E-01  275.70  2.50000E+16  5.500E+00  3.700E+02  2.800E+00  5.217E-02  2.058E-01
 5.15000E-01  269.30  1.38600E+16  5.350E+00  3.700E+02  1.800E+00  8.344E-02  1.667E-01
 2.72000E-01  257.10  7.66800E+15  5.000E+00  3.700E+02  1.300E+00  1.440E-01  1.588E-01
 1.39000E-01  240.10  4.19600E+15  4.400E+00  3.700E+02  8.000E-01  2.159E-01  1.588E-01
 6.70000E-02  218.10  2.22700E+15  3.700E+00  3.700E+02  4.000E-01  3.925E-01  1.588E-01
 3.00000E-02  196.10  1.10900E+15  2.950E+00  3.700E+02  1.900E-01  7.042E-01  1.588E-01
 1.20000E-02  174.10  4.99600E+14  2.100E+00  3.678E+02  2.000E-01  1.989E+00  1.588E-01
 4.48000E-03  165.10  1.96700E+14  1.330E+00  3.588E+02  5.700E-01  4.081E+00  1.588E-01
 1.64000E-03  165.00  7.20400E+13  8.500E-01  3.476E+02  7.500E-01  6.935E+00  1.482E-01
 6.25000E-04  178.30  2.54100E+13  5.400E-01  3.027E+02  7.000E-01  1.144E+01  1.376E-01
 2.58000E-04  190.50  9.81600E+12  4.000E-01  2.186E+02  4.000E-01  2.308E+01  1.271E-01
 1.17000E-04  222.20  3.81600E+12  3.400E-01  1.233E+02  2.000E-01  3.523E+01  1.165E-01
 6.11000E-05  262.40  1.68800E+12  2.800E-01  6.727E+01  5.000E-02  3.992E+01  1.006E-01
 3.56000E-05  316.80  8.14500E+11  2.400E-01  4.485E+01  5.000E-03  4.977E+01  6.353E-02
 2.27000E-05  380.00  4.33000E+11  2.000E-01  3.924E+01  5.000E-04  5.654E+01  3.176E-02
