! TIGR profile number 1008 
! Created using makeprof_tigr and database tigr.fdata.new 
! fake O3 
!  
! This file last updated July 2000
'P'  43  5 
 1  2  3  5  6 
  63.620    0.000  274.08  1013.25 
 1.01300E+03  274.08  2.67692E+19  4.704E+03  3.700E+02  3.300E-02  1.979E-01  2.008E+00
 9.55120E+02  271.73  2.54580E+19  4.727E+03  3.700E+02  3.400E-02  1.842E-01  2.029E+00
 9.00330E+02  267.99  2.43325E+19  4.249E+03  3.700E+02  3.500E-02  1.716E-01  2.044E+00
 8.48690E+02  264.18  2.32677E+19  3.522E+03  3.700E+02  3.800E-02  1.601E-01  2.053E+00
 8.00000E+02  261.40  2.21660E+19  2.283E+03  3.700E+02  4.000E-02  1.497E-01  2.057E+00
 7.24780E+02  256.70  2.04496E+19  1.539E+03  3.700E+02  4.200E-02  1.342E-01  2.054E+00
 6.51040E+02  250.61  1.88154E+19  9.052E+02  3.700E+02  4.300E-02  1.200E-01  2.040E+00
 5.84800E+02  244.30  1.73375E+19  3.895E+02  3.700E+02  4.400E-02  1.081E-01  2.019E+00
 5.25000E+02  237.72  1.59955E+19  1.996E+02  3.700E+02  4.500E-02  9.809E-02  1.996E+00
 4.71860E+02  231.71  1.47493E+19  5.359E+01  3.700E+02  9.400E-02  8.956E-02  1.974E+00
 4.23850E+02  227.01  1.35229E+19  1.131E+01  3.700E+02  1.300E-01  8.205E-02  1.956E+00
 3.80730E+02  221.96  1.24236E+19  8.197E+00  3.700E+02  1.800E-01  7.535E-02  1.946E+00
 3.41990E+02  216.53  1.14393E+19  5.941E+00  3.700E+02  2.100E-01  6.929E-02  1.943E+00
 3.07200E+02  213.44  1.04244E+19  4.306E+00  3.700E+02  2.400E-01  6.373E-02  1.944E+00
 2.75950E+02  212.52  9.40447E+18  3.216E+00  3.700E+02  2.500E-01  5.869E-02  1.946E+00
 2.47870E+02  212.27  8.45744E+18  3.216E+00  3.700E+02  2.600E-01  5.425E-02  1.948E+00
 2.22650E+02  212.57  7.58620E+18  3.216E+00  3.700E+02  2.700E-01  5.047E-02  1.946E+00
 2.00000E+02  212.86  6.80518E+18  3.216E+00  3.700E+02  2.800E-01  4.734E-02  1.940E+00
 1.61990E+02  213.36  5.49894E+18  3.216E+00  3.700E+02  5.700E-01  4.247E-02  1.902E+00
 1.31200E+02  214.79  4.42409E+18  2.600E+00  3.700E+02  8.600E-01  3.862E-02  1.843E+00
 1.06270E+02  215.37  3.57379E+18  2.300E+00  3.700E+02  1.200E+00  3.513E-02  1.786E+00
 8.60700E+01  216.26  2.88257E+18  3.400E+00  3.700E+02  2.000E+00  3.143E-02  1.750E+00
 6.97100E+01  217.79  2.31825E+18  3.300E+00  3.700E+02  2.700E+00  2.755E-02  1.754E+00
 5.64600E+01  226.05  1.80901E+18  2.500E+00  3.700E+02  3.200E+00  2.492E-02  1.764E+00
 4.57300E+01  233.41  1.41901E+18  3.000E+00  3.700E+02  3.800E+00  2.397E-02  1.672E+00
 3.70400E+01  235.18  1.14071E+18  3.600E+00  3.700E+02  4.300E+00  2.362E-02  1.531E+00
 2.47900E+01  240.27  7.47275E+17  4.000E+00  3.700E+02  4.500E+00  2.289E-02  1.364E+00
 1.66000E+01  240.65  4.99604E+17  3.600E+00  3.700E+02  4.600E+00  2.500E-02  1.212E+00
 1.11100E+01  244.57  3.29014E+17  2.900E+00  3.700E+02  4.700E+00  3.055E-02  1.057E+00
 7.43000E+00  243.50  2.21001E+17  3.000E+00  3.700E+02  4.900E+00  3.576E-02  9.042E-01
 4.98000E+00  244.64  1.47437E+17  3.300E+00  3.700E+02  4.000E+00  4.144E-02  7.385E-01
 3.33000E+00  247.16  9.75820E+16  3.600E+00  3.700E+02  3.700E+00  4.699E-02  5.829E-01
 2.23000E+00  248.76  6.49274E+16  3.700E+00  3.700E+02  3.600E+00  4.895E-02  4.243E-01
 1.50000E+00  250.78  4.33214E+16  3.800E+00  3.700E+02  3.300E+00  4.962E-02  3.122E-01
 1.00000E+00  253.86  2.85305E+16  4.100E+00  3.700E+02  3.400E+00  5.252E-02  2.717E-01
 5.50000E-01  253.77  1.56973E+16  4.000E+00  3.700E+02  1.300E+00  5.427E-02  2.229E-01
 3.00000E-01  248.39  8.74764E+15  3.300E+00  3.700E+02  6.300E-01  6.235E-02  1.846E-01
 1.70000E-01  242.06  5.08662E+15  2.900E+00  3.700E+02  5.100E-01  1.081E-01  1.740E-01
 9.00000E-02  234.96  2.77429E+15  3.600E+00  3.700E+02  2.700E-01  1.640E-01  1.643E-01
 5.00000E-02  228.40  1.58554E+15  4.300E+00  3.700E+02  2.100E-01  3.256E-01  1.565E-01
 2.40000E-02  217.30  7.99936E+14  4.100E+00  3.700E+02  1.400E-01  6.281E-01  1.524E-01
 1.05000E-02  207.50  3.66501E+14  3.900E+00  3.678E+02  1.700E-01  1.590E+00  1.524E-01
 1.84000E-03  195.80  6.80627E+13  3.200E+00  3.476E+02  3.800E-01  5.477E+00  1.427E-01
