! TIGR profile number  688 
! Created using makeprof_tigr and database tigr.fdata.new 
! fake O3 
!  
! This file last updated July 2000
'P'  43  5 
 1  2  3  5  6 
 -52.330    0.000 
 1.01300E+03  277.55  2.64346E+19  6.291E+03  3.700E+02  1.900E-02  9.539E-02  1.763E+00
 9.55120E+02  274.45  2.52057E+19  6.530E+03  3.700E+02  2.100E-02  9.333E-02  1.717E+00
 9.00330E+02  270.75  2.40845E+19  5.690E+03  3.700E+02  2.600E-02  9.142E-02  1.677E+00
 8.48690E+02  267.25  2.30004E+19  4.322E+03  3.700E+02  3.100E-02  8.961E-02  1.644E+00
 8.00000E+02  265.45  2.18279E+19  1.957E+03  3.700E+02  3.500E-02  8.788E-02  1.616E+00
 7.24780E+02  264.05  1.98803E+19  1.510E+03  3.700E+02  3.800E-02  8.503E-02  1.579E+00
 6.51040E+02  260.25  1.81184E+19  1.257E+03  3.700E+02  4.100E-02  8.184E-02  1.551E+00
 5.84800E+02  255.05  1.66068E+19  9.307E+02  3.700E+02  4.600E-02  7.839E-02  1.533E+00
 5.25000E+02  249.55  1.52372E+19  7.163E+02  3.700E+02  5.000E-02  7.450E-02  1.525E+00
 4.71860E+02  244.04  1.40041E+19  5.562E+02  3.700E+02  6.000E-02  7.016E-02  1.523E+00
 4.23850E+02  237.24  1.29398E+19  3.704E+02  3.700E+02  7.000E-02  6.526E-02  1.525E+00
 3.80730E+02  231.25  1.19245E+19  2.592E+02  3.700E+02  8.500E-02  6.031E-02  1.530E+00
 3.41990E+02  226.25  1.09478E+19  1.678E+02  3.700E+02  1.000E-01  5.607E-02  1.536E+00
 3.07200E+02  220.55  1.00883E+19  9.254E+01  3.700E+02  1.100E-01  5.300E-02  1.543E+00
 2.75950E+02  215.26  9.28476E+18  6.707E+01  3.700E+02  1.000E-01  5.049E-02  1.547E+00
 2.47870E+02  209.94  8.55131E+18  4.861E+01  3.700E+02  1.000E-01  4.764E-02  1.549E+00
 2.22650E+02  205.06  7.86404E+18  2.900E+01  3.700E+02  1.100E-01  4.380E-02  1.549E+00
 2.00000E+02  200.05  7.24094E+18  1.600E+01  3.700E+02  1.200E-01  3.920E-02  1.545E+00
 1.61990E+02  202.65  5.78956E+18  1.357E+01  3.700E+02  2.000E-01  3.074E-02  1.525E+00
 1.31200E+02  205.75  4.61847E+18  6.700E+00  3.700E+02  3.000E-01  2.473E-02  1.494E+00
 1.06270E+02  207.15  3.71560E+18  3.100E+00  3.700E+02  4.000E-01  1.938E-02  1.460E+00
 8.60700E+01  208.15  2.99488E+18  2.500E+00  3.700E+02  1.400E+00  1.402E-02  1.428E+00
 6.97100E+01  209.95  2.40482E+18  3.000E+00  3.700E+02  2.400E+00  9.889E-03  1.392E+00
 5.64600E+01  213.26  1.91750E+18  3.400E+00  3.700E+02  3.000E+00  7.658E-03  1.337E+00
 4.57300E+01  216.04  1.53310E+18  2.900E+00  3.700E+02  3.700E+00  6.965E-03  1.265E+00
 3.70400E+01  218.14  1.22981E+18  2.100E+00  3.700E+02  4.400E+00  6.998E-03  1.182E+00
 2.47900E+01  218.94  8.20078E+17  2.500E+00  3.700E+02  4.400E+00  7.390E-03  1.018E+00
 1.66000E+01  219.85  5.46872E+17  3.700E+00  3.700E+02  4.200E+00  7.629E-03  9.110E-01
 1.11100E+01  223.55  3.59951E+17  4.300E+00  3.700E+02  3.900E+00  7.845E-03  8.464E-01
 7.43000E+00  228.50  2.35508E+17  4.100E+00  3.700E+02  3.700E+00  8.335E-03  7.862E-01
 4.98000E+00  235.03  1.53465E+17  3.500E+00  3.700E+02  4.300E+00  9.533E-03  7.534E-01
 3.33000E+00  241.85  9.97245E+16  2.900E+00  3.700E+02  4.500E+00  1.195E-02  6.558E-01
 2.23000E+00  247.53  6.52500E+16  2.900E+00  3.700E+02  4.700E+00  1.588E-02  6.349E-01
 1.50000E+00  251.72  4.31596E+16  3.400E+00  3.700E+02  3.800E+00  2.089E-02  2.914E-01
 1.00000E+00  255.56  2.83407E+16  3.900E+00  3.700E+02  2.900E+00  2.718E-02  2.350E-01
 5.50000E-01  256.37  1.55381E+16  4.000E+00  3.700E+02  1.400E+00  3.923E-02  1.749E-01
 3.00000E-01  250.60  8.67050E+15  3.800E+00  3.700E+02  1.100E+00  5.329E-02  1.678E-01
 1.70000E-01  243.61  5.05426E+15  3.500E+00  3.700E+02  7.400E-01  8.254E-02  1.527E-01
 9.00000E-02  235.79  2.76453E+15  2.900E+00  3.700E+02  3.200E-01  1.423E-01  1.387E-01
 5.00000E-02  228.55  1.58450E+15  2.200E+00  3.700E+02  2.300E-01  2.275E-01  1.354E-01
 2.40000E-02  217.45  7.99384E+14  2.800E+00  3.700E+02  1.500E-01  4.098E-01  1.419E-01
 1.05000E-02  207.65  3.66236E+14  3.000E+00  3.678E+02  2.000E-01  9.926E-01  1.560E-01
 1.84000E-03  195.95  6.80106E+13  3.500E+00  3.476E+02  3.500E-01  5.481E+00  1.617E-01
