! AIRS FTC regression profile 38 
! based on ozone (T/W/O) profile oprof7 from HIRS channel 9 set 
! CO2 & O3 mixing ratios for dry air 
! top two layers are based on offset AFGL US STANDARD 
! This file last updated July 2000
'P' 102  5 
 1  2  3  5  6 
 38.0  0.0 
 1.08539E+03  260.62  3.01631E+19  1.007E+03  3.700E+02  1.563E-02  1.793E-01  1.626E+00
 1.05651E+03  257.79  2.96831E+19  8.862E+02  3.700E+02  1.573E-02  1.783E-01  1.644E+00
 1.02802E+03  254.92  2.92082E+19  7.581E+02  3.700E+02  1.570E-02  1.772E-01  1.661E+00
 9.99942E+02  252.01  2.87383E+19  6.365E+02  3.700E+02  1.580E-02  1.757E-01  1.678E+00
 9.72265E+02  249.06  2.82737E+19  5.115E+02  3.700E+02  1.583E-02  1.739E-01  1.695E+00
 9.44993E+02  246.07  2.78144E+19  3.866E+02  3.700E+02  1.586E-02  1.717E-01  1.712E+00
 9.18130E+02  243.04  2.73606E+19  2.617E+02  3.700E+02  1.589E-02  1.692E-01  1.728E+00
 8.91678E+02  240.83  2.68165E+19  1.756E+02  3.700E+02  1.603E-02  1.663E-01  1.744E+00
 8.65640E+02  240.27  2.60938E+19  1.652E+02  3.700E+02  1.640E-02  1.629E-01  1.759E+00
 8.40016E+02  239.75  2.53763E+19  1.566E+02  3.700E+02  1.679E-02  1.590E-01  1.774E+00
 8.14807E+02  239.23  2.46690E+19  1.485E+02  3.700E+02  1.725E-02  1.546E-01  1.788E+00
 7.90016E+02  238.69  2.39720E+19  1.391E+02  3.700E+02  1.759E-02  1.498E-01  1.802E+00
 7.65645E+02  238.15  2.32853E+19  1.300E+02  3.700E+02  1.800E-02  1.444E-01  1.816E+00
 7.41694E+02  237.60  2.26091E+19  1.207E+02  3.700E+02  1.843E-02  1.385E-01  1.829E+00
 7.18163E+02  237.01  2.19462E+19  1.119E+02  3.700E+02  1.888E-02  1.322E-01  1.840E+00
 6.95054E+02  236.17  2.13157E+19  1.075E+02  3.700E+02  1.943E-02  1.253E-01  1.853E+00
 6.72367E+02  235.26  2.06996E+19  1.050E+02  3.700E+02  2.017E-02  1.180E-01  1.864E+00
 6.50103E+02  234.34  2.00930E+19  1.020E+02  3.700E+02  2.085E-02  1.106E-01  1.874E+00
 6.28264E+02  233.40  1.94960E+19  9.857E+01  3.700E+02  2.147E-02  1.032E-01  1.885E+00
 6.06847E+02  232.45  1.89084E+19  9.549E+01  3.700E+02  2.218E-02  9.635E-02  1.894E+00
 5.85854E+02  231.48  1.83304E+19  9.235E+01  3.700E+02  2.291E-02  9.020E-02  1.904E+00
 5.65284E+02  230.51  1.77619E+19  8.913E+01  3.700E+02  2.365E-02  8.491E-02  1.911E+00
 5.45139E+02  229.51  1.72032E+19  8.554E+01  3.700E+02  2.433E-02  8.049E-02  1.920E+00
 5.25416E+02  228.50  1.66541E+19  8.220E+01  3.700E+02  2.510E-02  7.692E-02  1.927E+00
 5.06114E+02  227.47  1.61146E+19  7.878E+01  3.700E+02  2.590E-02  7.406E-02  1.933E+00
 4.87235E+02  226.43  1.55849E+19  7.501E+01  3.700E+02  2.663E-02  7.174E-02  1.939E+00
 4.68777E+02  225.37  1.50650E+19  7.145E+01  3.700E+02  2.746E-02  6.984E-02  1.945E+00
 4.50738E+02  224.30  1.45547E+19  6.756E+01  3.700E+02  2.822E-02  6.825E-02  1.949E+00
 4.33118E+02  223.21  1.40542E+19  6.383E+01  3.700E+02  2.910E-02  6.688E-02  1.954E+00
 4.15914E+02  222.09  1.35635E+19  5.980E+01  3.700E+02  2.990E-02  6.564E-02  1.958E+00
 3.99125E+02  220.96  1.30825E+19  5.589E+01  3.700E+02  3.082E-02  6.440E-02  1.961E+00
 3.82751E+02  219.82  1.26113E+19  5.189E+01  3.700E+02  3.176E-02  6.307E-02  1.964E+00
 3.66789E+02  218.65  1.21499E+19  4.745E+01  3.700E+02  3.252E-02  6.160E-02  1.966E+00
 3.51236E+02  217.38  1.17028E+19  4.416E+01  3.700E+02  3.368E-02  5.995E-02  1.968E+00
 3.36091E+02  215.98  1.12708E+19  4.187E+01  3.700E+02  3.510E-02  5.813E-02  1.969E+00
 3.21351E+02  214.55  1.08479E+19  3.927E+01  3.700E+02  3.631E-02  5.620E-02  1.972E+00
 3.07015E+02  213.10  1.04344E+19  3.688E+01  3.700E+02  3.779E-02  5.419E-02  1.973E+00
 2.93078E+02  211.63  1.00301E+19  3.432E+01  3.700E+02  3.918E-02  5.212E-02  1.974E+00
 2.79537E+02  210.13  9.63509E+18  3.171E+01  3.700E+02  4.061E-02  5.001E-02  1.975E+00
 2.66392E+02  208.60  9.24928E+18  2.904E+01  3.700E+02  4.208E-02  4.791E-02  1.976E+00
 2.53637E+02  207.04  8.87265E+18  2.632E+01  3.700E+02  4.358E-02  4.583E-02  1.977E+00
 2.41270E+02  205.46  8.50519E+18  2.354E+01  3.700E+02  4.511E-02  4.381E-02  1.978E+00
 2.29287E+02  203.84  8.14690E+18  2.069E+01  3.700E+02  4.669E-02  4.184E-02  1.980E+00
 2.17685E+02  202.19  7.79768E+18  1.762E+01  3.700E+02  4.788E-02  3.994E-02  1.981E+00
 2.06459E+02  200.51  7.45752E+18  1.450E+01  3.700E+02  4.894E-02  3.810E-02  1.983E+00
 1.95606E+02  198.80  7.12642E+18  1.142E+01  3.700E+02  5.019E-02  3.633E-02  1.985E+00
 1.85122E+02  197.05  6.80432E+18  8.287E+00  3.700E+02  5.132E-02  3.463E-02  1.986E+00
 1.75001E+02  195.84  6.47208E+18  6.299E+00  3.700E+02  5.533E-02  3.299E-02  1.986E+00
 1.65241E+02  195.42  6.12427E+18  5.965E+00  3.700E+02  6.385E-02  3.143E-02  1.986E+00
 1.55836E+02  195.00  5.78819E+18  5.625E+00  3.700E+02  7.244E-02  2.994E-02  1.983E+00
 1.46780E+02  194.57  5.46396E+18  5.271E+00  3.700E+02  8.102E-02  2.852E-02  1.979E+00
 1.38072E+02  194.12  5.15144E+18  4.941E+00  3.700E+02  9.025E-02  2.718E-02  1.973E+00
 1.29703E+02  193.67  4.85048E+18  4.571E+00  3.700E+02  9.903E-02  2.590E-02  1.963E+00
 1.21669E+02  193.21  4.56089E+18  4.212E+00  3.700E+02  1.083E-01  2.468E-02  1.950E+00
 1.13965E+02  192.74  4.28257E+18  3.840E+00  3.700E+02  1.176E-01  2.350E-02  1.933E+00
 1.06586E+02  192.26  4.01533E+18  3.465E+00  3.700E+02  1.271E-01  2.234E-02  1.912E+00
 9.95256E+01  191.76  3.75901E+18  3.086E+00  3.700E+02  1.370E-01  2.117E-02  1.886E+00
 9.27780E+01  191.26  3.51345E+18  2.695E+00  3.700E+02  1.468E-01  1.996E-02  1.855E+00
 8.63375E+01  191.10  3.27214E+18  2.533E+00  3.700E+02  1.654E-01  1.870E-02  1.820E+00
 8.01979E+01  191.32  3.03606E+18  2.592E+00  3.700E+02  1.921E-01  1.736E-02  1.781E+00
 7.43533E+01  191.54  2.81160E+18  2.667E+00  3.700E+02  2.207E-01  1.598E-02  1.739E+00
 6.87970E+01  191.76  2.59846E+18  2.725E+00  3.700E+02  2.485E-01  1.457E-02  1.695E+00
 6.35228E+01  191.99  2.39637E+18  2.805E+00  3.700E+02  2.789E-01  1.320E-02  1.650E+00
 5.85241E+01  192.23  2.20508E+18  2.869E+00  3.700E+02  3.085E-01  1.195E-02  1.603E+00
 5.37942E+01  192.47  2.02430E+18  2.945E+00  3.700E+02  3.400E-01  1.090E-02  1.558E+00
 4.93262E+01  192.72  1.85377E+18  3.017E+00  3.700E+02  3.717E-01  1.006E-02  1.513E+00
 4.51132E+01  193.15  1.69168E+18  3.090E+00  3.700E+02  4.333E-01  9.469E-03  1.469E+00
 4.11484E+01  195.07  1.52784E+18  3.204E+00  3.700E+02  7.566E-01  9.084E-03  1.427E+00
 3.74246E+01  197.39  1.37320E+18  3.328E+00  3.700E+02  1.157E+00  8.860E-03  1.388E+00
 3.39345E+01  199.79  1.23018E+18  3.453E+00  3.700E+02  1.575E+00  8.751E-03  1.353E+00
 3.06707E+01  202.27  1.09824E+18  3.592E+00  3.700E+02  2.019E+00  8.717E-03  1.321E+00
 2.76260E+01  204.83  9.76830E+17  3.736E+00  3.700E+02  2.485E+00  8.739E-03  1.295E+00
 2.47927E+01  207.49  8.65440E+17  3.885E+00  3.700E+02  2.976E+00  8.801E-03  1.272E+00
 2.21634E+01  210.25  7.63485E+17  4.022E+00  3.700E+02  3.478E+00  8.892E-03  1.253E+00
 1.97305E+01  213.20  6.70294E+17  4.112E+00  3.700E+02  3.970E+00  9.023E-03  1.228E+00
 1.74862E+01  216.26  5.85628E+17  4.189E+00  3.700E+02  4.478E+00  9.219E-03  1.188E+00
 1.54228E+01  219.45  5.09022E+17  4.269E+00  3.700E+02  5.015E+00  9.505E-03  1.121E+00
 1.35325E+01  222.76  4.39981E+17  4.359E+00  3.700E+02  5.591E+00  9.897E-03  1.032E+00
 1.18074E+01  226.22  3.78036E+17  4.455E+00  3.700E+02  6.206E+00  1.042E-02  9.408E-01
 1.02397E+01  229.10  3.23713E+17  4.570E+00  3.700E+02  6.809E+00  1.110E-02  8.634E-01
 8.82158E+00  231.64  2.75828E+17  4.731E+00  3.700E+02  7.457E+00  1.199E-02  8.025E-01
 7.54497E+00  234.30  2.33235E+17  4.870E+00  3.700E+02  8.094E+00  1.313E-02  7.498E-01
 6.40200E+00  237.09  1.95569E+17  5.004E+00  3.700E+02  8.742E+00  1.458E-02  6.970E-01
 5.38483E+00  240.19  1.62375E+17  5.111E+00  3.700E+02  9.318E+00  1.640E-02  6.398E-01
 4.48550E+00  243.91  1.33196E+17  5.114E+00  3.700E+02  9.600E+00  1.861E-02  5.753E-01
 3.69615E+00  247.87  1.08003E+17  5.115E+00  3.700E+02  9.888E+00  2.105E-02  5.066E-01
 3.00906E+00  252.06  8.64634E+16  5.115E+00  3.700E+02  1.017E+01  2.351E-02  4.411E-01
 2.41639E+00  255.75  6.84313E+16  5.045E+00  3.700E+02  9.546E+00  2.571E-02  3.834E-01
 1.91046E+00  259.24  5.33761E+16  4.936E+00  3.700E+02  8.343E+00  2.762E-02  3.358E-01
 1.48367E+00  262.82  4.08866E+16  4.823E+00  3.700E+02  7.046E+00  2.936E-02  2.973E-01
 1.12861E+00  263.50  3.10214E+16  4.840E+00  3.700E+02  5.492E+00  3.120E-02  2.651E-01
 8.37871E-01  262.95  2.30788E+16  4.992E+00  3.700E+02  3.855E+00  3.376E-02  2.363E-01
 6.04268E-01  262.60  1.66661E+16  5.054E+00  3.700E+02  2.905E+00  3.812E-02  2.103E-01
 4.20779E-01  262.60  1.16055E+16  4.869E+00  3.700E+02  2.963E+00  4.610E-02  1.885E-01
 2.80565E-01  262.60  7.73824E+15  4.985E+00  3.700E+02  2.592E+00  6.022E-02  1.717E-01
 1.77120E-01  261.36  4.90830E+15  5.330E+00  3.700E+02  1.710E+00  8.546E-02  1.612E-01
 1.04074E-01  251.36  2.99881E+15  4.884E+00  3.700E+02  1.184E+00  1.348E-01  1.577E-01
 5.54397E-02  242.92  1.65296E+15  4.479E+00  3.700E+02  6.832E-01  2.408E-01  1.618E-01
 2.56547E-02  221.74  8.37981E+14  3.389E+00  3.700E+02  4.394E-01  4.656E-01  1.687E-01
 9.49220E-03  211.38  3.25244E+14  2.313E+00  3.663E+02  4.921E-01  1.001E+00  1.625E-01
 4.46000E-03  197.89  1.63238E+14  1.437E+00  3.588E+02  4.200E-01  2.069E+00  1.505E-01
 1.84000E-03  190.49  6.99582E+13  8.773E-01  3.476E+02  3.480E-01  7.327E+00  1.376E-01
