! MODEL 3 : MIDLATITUDE WINTER 
! CO2 mixing ratio is AFGL value scaled by 370/330
! CH4 mixing ratio is AFGL value scaled by 1.8/1.7
! 
! This file last updated July 2000
'P'  50  5 
 1  2  3  5  6 
 45.0  0.0 
 1.01800E+03  272.20  2.71100E+19  4.316E+03  3.700E+02  2.778E-02  1.426E-01  1.800E+00
 8.97300E+02  268.70  2.42000E+19  3.454E+03  3.700E+02  2.800E-02  1.000E-01  1.800E+00
 7.89700E+02  265.20  2.15800E+19  2.788E+03  3.700E+02  2.849E-02  7.237E-02  1.800E+00
 6.93800E+02  261.70  1.92200E+19  2.088E+03  3.700E+02  3.200E-02  7.513E-02  1.800E+00
 6.08100E+02  255.70  1.72400E+19  1.280E+03  3.700E+02  3.567E-02  1.069E-01  1.797E+00
 5.31300E+02  249.70  1.54200E+19  8.241E+02  3.700E+02  4.720E-02  1.117E-01  1.786E+00
 4.62700E+02  243.70  1.37600E+19  5.103E+02  3.700E+02  5.837E-02  1.012E-01  1.770E+00
 4.01600E+02  237.70  1.22500E+19  2.321E+02  3.700E+02  7.891E-02  1.035E-01  1.746E+00
 3.47300E+02  231.70  1.08600E+19  1.077E+02  3.700E+02  1.039E-01  9.854E-02  1.725E+00
 2.99300E+02  225.70  9.61200E+18  5.566E+01  3.700E+02  1.567E-01  8.750E-02  1.710E+00
 2.56800E+02  219.70  8.47200E+18  2.960E+01  3.700E+02  2.370E-01  8.306E-02  1.672E+00
 2.19900E+02  219.20  7.27100E+18  1.000E+01  3.700E+02  3.624E-01  7.544E-02  1.633E+00
 1.88200E+02  218.70  6.23700E+18  6.000E+00  3.700E+02  5.232E-01  7.083E-02  1.597E+00
 1.61100E+02  218.20  5.35100E+18  5.000E+00  3.700E+02  7.036E-01  6.458E-02  1.566E+00
 1.37800E+02  217.70  4.58800E+18  4.800E+00  3.700E+02  8.000E-01  6.186E-02  1.536E+00
 1.17800E+02  217.20  3.93100E+18  4.700E+00  3.700E+02  9.000E-01  5.569E-02  1.506E+00
 1.00700E+02  216.70  3.36800E+18  4.600E+00  3.700E+02  1.100E+00  3.880E-02  1.472E+00
 8.61000E+01  216.20  2.88600E+18  4.500E+00  3.700E+02  1.400E+00  3.385E-02  1.436E+00
 7.36000E+01  215.70  2.47300E+18  4.500E+00  3.700E+02  1.800E+00  2.271E-02  1.401E+00
 6.28000E+01  215.20  2.11500E+18  4.500E+00  3.700E+02  2.300E+00  2.187E-02  1.356E+00
 5.37000E+01  215.20  1.80900E+18  4.500E+00  3.700E+02  2.900E+00  1.698E-02  1.296E+00
 4.58000E+01  215.20  1.54300E+18  4.500E+00  3.700E+02  3.500E+00  1.693E-02  1.222E+00
 3.91000E+01  215.20  1.31700E+18  4.530E+00  3.700E+02  3.900E+00  1.700E-02  1.129E+00
 3.34000E+01  215.20  1.12500E+18  4.550E+00  3.700E+02  4.300E+00  1.840E-02  1.030E+00
 2.86000E+01  215.20  9.63300E+17  4.600E+00  3.700E+02  4.700E+00  1.899E-02  9.318E-01
 2.44000E+01  215.20  8.21800E+17  4.650E+00  3.700E+02  5.100E+00  1.849E-02  8.398E-01
 1.64600E+01  215.50  5.53600E+17  4.700E+00  3.700E+02  5.600E+00  1.859E-02  7.549E-01
 1.11000E+01  217.40  3.70100E+17  4.750E+00  3.700E+02  6.100E+00  2.071E-02  6.817E-01
 7.56000E+00  220.40  2.48600E+17  4.800E+00  3.700E+02  6.800E+00  2.560E-02  6.084E-01
 5.18000E+00  227.90  1.64700E+17  4.850E+00  3.700E+02  7.100E+00  2.263E-02  5.347E-01
 3.60000E+00  235.50  1.10800E+17  4.900E+00  3.700E+02  7.200E+00  2.349E-02  4.745E-01
 2.53000E+00  243.20  7.54000E+16  4.950E+00  3.700E+02  6.900E+00  3.166E-02  4.162E-01
 1.80000E+00  250.80  5.20200E+16  5.000E+00  3.700E+02  5.900E+00  3.888E-02  3.595E-01
 1.29000E+00  258.50  3.61700E+16  5.000E+00  3.700E+02  4.600E+00  4.369E-02  3.045E-01
 9.40000E-01  265.10  2.57000E+16  5.000E+00  3.700E+02  3.700E+00  4.627E-02  2.526E-01
 6.83000E-01  265.70  1.86300E+16  4.950E+00  3.700E+02  2.750E+00  6.318E-02  2.058E-01
 3.62000E-01  260.60  1.00700E+16  4.850E+00  3.700E+02  1.700E+00  7.574E-02  1.667E-01
 1.88000E-01  250.80  5.43300E+15  4.500E+00  3.700E+02  1.000E+00  1.272E-01  1.588E-01
 9.50000E-02  240.90  2.85800E+15  4.000E+00  3.700E+02  5.500E-01  2.020E-01  1.588E-01
 4.70000E-02  230.70  1.47700E+15  3.300E+00  3.700E+02  3.200E-01  3.238E-01  1.588E-01
 2.22000E-02  220.40  7.30100E+14  2.700E+00  3.700E+02  2.500E-01  7.029E-01  1.588E-01
 1.03000E-02  210.10  3.55300E+14  2.000E+00  3.678E+02  2.300E-01  1.731E+00  1.588E-01
 4.56000E-03  199.80  1.65400E+14  1.330E+00  3.588E+02  5.500E-01  3.405E+00  1.588E-01
 1.98000E-03  199.50  7.19400E+13  8.500E-01  3.476E+02  8.000E-01  6.185E+00  1.482E-01
 8.77000E-04  208.30  3.05200E+13  5.400E-01  3.027E+02  8.000E-01  1.232E+01  1.376E-01
 4.07400E-04  218.60  1.35100E+13  4.000E-01  2.186E+02  4.000E-01  2.314E+01  1.271E-01
 2.00000E-04  237.10  6.11400E+12  3.400E-01  1.233E+02  2.000E-01  3.110E+01  1.165E-01
 1.05700E-04  259.50  2.95200E+12  2.800E-01  6.727E+01  5.000E-02  4.224E+01  1.006E-01
 5.98000E-05  293.00  1.47900E+12  2.400E-01  4.485E+01  5.000E-03  4.710E+01  6.353E-02
 3.60000E-05  333.00  7.83600E+11  2.000E-01  3.924E+01  5.000E-04  6.820E+01  3.176E-02
