! TIGR profile number 1731 
! Created using makeprof_tigr and database tigr.fdata.new 
! O3 (9<P<675) based on NOAA sonde South Pole 25 Oct 2001 as818; truncated at 3E-2
!  
! This file last updated February 2002 (ozone only; otherwise July 2000)
'P'  43  5 
 1  2  3  5  6 
 -69.000    0.000  249.85  1013.25 
 1.01300E+03  249.85  2.93653E+19  4.033E+02  3.700E+02  2.050E-02  4.716E-01  1.596E+00
 9.55120E+02  248.85  2.77987E+19  3.293E+02  3.700E+02  2.100E-02  4.781E-01  1.595E+00
 9.00330E+02  248.05  2.62885E+19  2.676E+02  3.700E+02  2.150E-02  4.795E-01  1.595E+00
 8.48690E+02  248.05  2.47807E+19  2.438E+02  3.700E+02  2.200E-02  4.751E-01  1.594E+00
 8.00000E+02  247.85  2.33779E+19  2.370E+02  3.700E+02  2.250E-02  4.644E-01  1.594E+00
 7.24780E+02  247.45  2.12140E+19  2.240E+02  3.700E+02  2.300E-02  4.320E-01  1.592E+00
 6.51040E+02  244.65  1.92738E+19  1.800E+02  3.700E+02  2.400E-02  3.778E-01  1.592E+00
 5.84800E+02  241.65  1.75277E+19  1.502E+02  3.700E+02  2.800E-02  3.092E-01  1.595E+00
 5.25000E+02  239.25  1.58932E+19  1.753E+02  3.700E+02  3.000E-02  2.344E-01  1.598E+00
 4.71860E+02  237.45  1.43928E+19  3.719E+02  3.700E+02  3.050E-02  1.676E-01  1.602E+00
 4.23850E+02  232.74  1.31900E+19  2.640E+02  3.700E+02  3.100E-02  1.285E-01  1.608E+00
 3.80730E+02  226.65  1.21665E+19  1.582E+02  3.700E+02  3.100E-02  1.110E-01  1.617E+00
 3.41990E+02  220.75  1.12206E+19  8.523E+01  3.700E+02  3.300E-02  1.002E-01  1.627E+00
 3.07200E+02  214.95  1.03511E+19  4.476E+01  3.700E+02  4.300E-02  8.979E-02  1.640E+00
 2.75950E+02  210.06  9.51461E+18  3.244E+01  3.700E+02  6.000E-02  7.955E-02  1.657E+00
 2.47870E+02  205.55  8.73394E+18  2.351E+01  3.700E+02  8.000E-02  6.966E-02  1.676E+00
 2.22650E+02  202.56  7.96109E+18  1.704E+01  3.700E+02  1.400E-01  6.036E-02  1.700E+00
 2.00000E+02  199.65  7.25545E+18  1.235E+01  3.700E+02  2.100E-01  5.221E-02  1.728E+00
 1.61990E+02  199.25  5.88835E+18  6.563E+00  3.700E+02  2.350E-01  4.092E-02  1.795E+00
 1.31200E+02  198.85  4.77872E+18  2.900E+00  3.700E+02  1.450E-01  3.375E-02  1.857E+00
 1.06270E+02  198.25  3.88241E+18  2.400E+00  3.700E+02  3.300E-02  2.373E-02  1.839E+00
 8.60700E+01  197.85  3.15079E+18  2.800E+00  3.700E+02  3.800E-02  1.416E-02  1.670E+00
 6.97100E+01  197.45  2.55706E+18  3.300E+00  3.700E+02  7.000E-02  1.116E-02  1.423E+00
 5.64600E+01  197.96  2.06570E+18  3.200E+00  3.700E+02  9.000E-02  1.116E-02  1.332E+00
 4.57300E+01  200.54  1.65160E+18  3.600E+00  3.700E+02  4.000E-01  1.151E-02  1.263E+00
 3.70400E+01  203.24  1.31997E+18  3.900E+00  3.700E+02  1.300E+00  1.099E-02  1.175E+00
 2.47900E+01  208.98  8.59163E+17  3.600E+00  3.700E+02  3.400E+00  9.859E-03  1.027E+00
 1.66000E+01  218.96  5.49095E+17  3.000E+00  3.700E+02  4.600E+00  1.068E-02  9.241E-01
 1.11100E+01  230.62  3.48916E+17  2.800E+00  3.700E+02  5.300E+00  1.281E-02  8.442E-01
 7.43000E+00  245.98  2.18773E+17  3.500E+00  3.700E+02  6.600E+00  1.619E-02  7.638E-01
 4.98000E+00  258.25  1.39667E+17  3.400E+00  3.700E+02  7.500E+00  2.112E-02  6.688E-01
 3.33000E+00  263.67  9.14718E+16  2.600E+00  3.700E+02  7.800E+00  2.764E-02  5.711E-01
 2.23000E+00  265.60  6.08108E+16  2.300E+00  3.700E+02  7.100E+00  3.479E-02  4.840E-01
 1.50000E+00  262.75  4.13478E+16  3.400E+00  3.700E+02  5.400E+00  4.187E-02  3.698E-01
 1.00000E+00  258.38  2.80314E+16  3.700E+00  3.700E+02  4.200E+00  4.990E-02  2.719E-01
 5.50000E-01  252.97  1.57470E+16  2.700E+00  3.700E+02  2.700E+00  6.677E-02  2.081E-01
 3.00000E-01  242.75  8.95088E+15  3.400E+00  3.700E+02  1.800E+00  1.001E-01  1.870E-01
 1.70000E-01  232.31  5.30011E+15  3.800E+00  3.700E+02  9.900E-01  1.642E-01  1.785E-01
 9.00000E-02  220.61  2.95475E+15  3.100E+00  3.700E+02  9.100E-01  2.958E-01  1.673E-01
 5.00000E-02  209.80  1.72611E+15  2.500E+00  3.700E+02  8.200E-01  3.911E-01  1.576E-01
 2.40000E-02  198.70  8.74817E+14  2.100E+00  3.700E+02  6.300E-01  6.115E-01  1.507E-01
 1.05000E-02  188.90  4.02588E+14  2.200E+00  3.678E+02  5.700E-01  1.199E+00  1.535E-01
 1.84000E-03  177.20  7.52069E+13  3.300E+00  3.476E+02  9.700E-01  3.198E+00  1.590E-01
