! AIRS FTC regression profile 37 
! based on ozone (T/W/O) profile oprof1 from HIRS channel 9 set 
! CO2 & O3 mixing ratios for dry air 
! top two layers are based on offset AFGL US STANDARD 
! This file last updated July 2000
'P' 102  5 
 1  2  3  5  6 
 38.0  0.0 
 1.08539E+03  304.11  2.58501E+19  9.763E+03  3.700E+02  4.415E-02  1.550E-01  1.816E+00
 1.05651E+03  303.65  2.51999E+19  9.595E+03  3.700E+02  4.531E-02  1.650E-01  1.808E+00
 1.02802E+03  303.19  2.45579E+19  9.340E+03  3.700E+02  4.610E-02  1.800E-01  1.802E+00
 9.99942E+02  302.72  2.39240E+19  9.162E+03  3.700E+02  4.731E-02  2.000E-01  1.795E+00
 9.72265E+02  302.25  2.32983E+19  8.940E+03  3.700E+02  4.835E-02  2.250E-01  1.788E+00
 9.44993E+02  301.77  2.26809E+19  8.715E+03  3.700E+02  4.941E-02  2.563E-01  1.782E+00
 9.18130E+02  301.28  2.20717E+19  8.485E+03  3.700E+02  5.049E-02  2.902E-01  1.775E+00
 8.91678E+02  300.18  2.15142E+19  8.133E+03  3.700E+02  5.145E-02  3.235E-01  1.768E+00
 8.65640E+02  297.88  2.10472E+19  7.545E+03  3.700E+02  5.212E-02  3.551E-01  1.761E+00
 8.40016E+02  295.52  2.05875E+19  6.947E+03  3.700E+02  5.280E-02  3.839E-01  1.754E+00
 8.14807E+02  293.12  2.01331E+19  6.368E+03  3.700E+02  5.369E-02  4.088E-01  1.747E+00
 7.90016E+02  290.69  1.96838E+19  5.732E+03  3.700E+02  5.416E-02  4.289E-01  1.741E+00
 7.65645E+02  288.23  1.92397E+19  5.117E+03  3.700E+02  5.485E-02  4.433E-01  1.733E+00
 7.41694E+02  285.73  1.88010E+19  4.496E+03  3.700E+02  5.555E-02  4.516E-01  1.727E+00
 7.18163E+02  283.29  1.83612E+19  3.913E+03  3.700E+02  5.624E-02  4.534E-01  1.720E+00
 6.95054E+02  281.60  1.78767E+19  3.665E+03  3.700E+02  5.666E-02  4.490E-01  1.713E+00
 6.72367E+02  280.07  1.73878E+19  3.522E+03  3.700E+02  5.751E-02  4.387E-01  1.707E+00
 6.50103E+02  278.51  1.69059E+19  3.363E+03  3.700E+02  5.816E-02  4.230E-01  1.699E+00
 6.28264E+02  276.94  1.64310E+19  3.188E+03  3.700E+02  5.859E-02  4.028E-01  1.693E+00
 6.06847E+02  275.34  1.59632E+19  3.024E+03  3.700E+02  5.927E-02  3.790E-01  1.686E+00
 5.85854E+02  273.71  1.55025E+19  2.856E+03  3.700E+02  5.995E-02  3.526E-01  1.678E+00
 5.65284E+02  272.06  1.50489E+19  2.686E+03  3.700E+02  6.066E-02  3.247E-01  1.672E+00
 5.45139E+02  270.39  1.46025E+19  2.503E+03  3.700E+02  6.115E-02  2.960E-01  1.664E+00
 5.25416E+02  268.68  1.41633E+19  2.327E+03  3.700E+02  6.188E-02  2.676E-01  1.658E+00
 5.06114E+02  266.96  1.37313E+19  2.147E+03  3.700E+02  6.262E-02  2.401E-01  1.651E+00
 4.87235E+02  265.20  1.33066E+19  1.957E+03  3.700E+02  6.316E-02  2.140E-01  1.643E+00
 4.68777E+02  263.42  1.28892E+19  1.771E+03  3.700E+02  6.394E-02  1.898E-01  1.637E+00
 4.50738E+02  261.61  1.24790E+19  1.576E+03  3.700E+02  6.451E-02  1.678E-01  1.630E+00
 4.33118E+02  259.77  1.20761E+19  1.383E+03  3.700E+02  6.531E-02  1.480E-01  1.622E+00
 4.15914E+02  257.89  1.16806E+19  1.182E+03  3.700E+02  6.591E-02  1.305E-01  1.615E+00
 3.99125E+02  255.99  1.12924E+19  9.815E+02  3.700E+02  6.676E-02  1.153E-01  1.607E+00
 3.82751E+02  254.06  1.09115E+19  7.767E+02  3.700E+02  6.762E-02  1.022E-01  1.600E+00
 3.66789E+02  252.09  1.05380E+19  5.637E+02  3.700E+02  6.804E-02  9.132E-02  1.592E+00
 3.51236E+02  250.00  1.01758E+19  4.362E+02  3.700E+02  6.879E-02  8.232E-02  1.585E+00
 3.36091E+02  247.74  9.82552E+18  4.087E+02  3.700E+02  6.940E-02  7.499E-02  1.578E+00
 3.21351E+02  245.46  9.48226E+18  3.786E+02  3.700E+02  6.956E-02  6.907E-02  1.569E+00
 3.07015E+02  243.12  9.14608E+18  3.506E+02  3.700E+02  7.018E-02  6.433E-02  1.562E+00
 2.93078E+02  240.75  8.81691E+18  3.209E+02  3.700E+02  7.059E-02  6.051E-02  1.553E+00
 2.79537E+02  238.34  8.49482E+18  2.908E+02  3.700E+02  7.100E-02  5.738E-02  1.546E+00
 2.66392E+02  235.88  8.17976E+18  2.603E+02  3.700E+02  7.143E-02  5.477E-02  1.537E+00
 2.53637E+02  233.37  7.87171E+18  2.293E+02  3.700E+02  7.187E-02  5.253E-02  1.529E+00
 2.41270E+02  230.82  7.57072E+18  1.978E+02  3.700E+02  7.231E-02  5.053E-02  1.519E+00
 2.29287E+02  228.22  7.27672E+18  1.658E+02  3.700E+02  7.277E-02  4.870E-02  1.511E+00
 2.17685E+02  225.57  6.98972E+18  1.320E+02  3.700E+02  7.258E-02  4.703E-02  1.501E+00
 2.06459E+02  222.86  6.70970E+18  9.810E+01  3.700E+02  7.219E-02  4.547E-02  1.493E+00
 1.95606E+02  220.10  6.43665E+18  6.460E+01  3.700E+02  7.205E-02  4.403E-02  1.483E+00
 1.85122E+02  217.29  6.17052E+18  3.102E+01  3.700E+02  7.172E-02  4.269E-02  1.473E+00
 1.75001E+02  215.11  5.89227E+18  1.109E+01  3.700E+02  7.554E-02  4.144E-02  1.463E+00
 1.65241E+02  213.87  5.59592E+18  1.027E+01  3.700E+02  8.576E-02  4.027E-02  1.453E+00
 1.55836E+02  212.61  5.30869E+18  9.567E+00  3.700E+02  9.596E-02  3.917E-02  1.442E+00
 1.46780E+02  211.32  5.03066E+18  8.842E+00  3.700E+02  1.061E-01  3.814E-02  1.430E+00
 1.38072E+02  210.01  4.76179E+18  8.161E+00  3.700E+02  1.169E-01  3.716E-02  1.420E+00
 1.29703E+02  208.66  4.50199E+18  7.416E+00  3.700E+02  1.270E-01  3.622E-02  1.407E+00
 1.21669E+02  207.29  4.25114E+18  6.692E+00  3.700E+02  1.377E-01  3.531E-02  1.396E+00
 1.13965E+02  205.88  4.00916E+18  5.950E+00  3.700E+02  1.482E-01  3.443E-02  1.383E+00
 1.06586E+02  204.45  3.77593E+18  5.207E+00  3.700E+02  1.589E-01  3.356E-02  1.369E+00
 9.95256E+01  202.97  3.55140E+18  4.461E+00  3.700E+02  1.699E-01  3.272E-02  1.355E+00
 9.27780E+01  201.46  3.33543E+18  3.702E+00  3.700E+02  1.808E-01  3.190E-02  1.340E+00
 8.63375E+01  201.23  3.10757E+18  3.345E+00  3.700E+02  2.472E-01  3.113E-02  1.326E+00
 8.01979E+01  202.29  2.87141E+18  3.380E+00  3.700E+02  3.705E-01  3.040E-02  1.310E+00
 7.43533E+01  203.38  2.64785E+18  3.435E+00  3.700E+02  5.004E-01  2.972E-02  1.293E+00
 6.87970E+01  204.50  2.43657E+18  3.467E+00  3.700E+02  6.316E-01  2.911E-02  1.275E+00
 6.35228E+01  205.65  2.23718E+18  3.526E+00  3.700E+02  7.725E-01  2.858E-02  1.257E+00
 5.85241E+01  206.83  2.04935E+18  3.564E+00  3.700E+02  9.138E-01  2.813E-02  1.238E+00
 5.37942E+01  208.05  1.87272E+18  3.615E+00  3.700E+02  1.064E+00  2.778E-02  1.218E+00
 4.93262E+01  209.30  1.70692E+18  3.661E+00  3.700E+02  1.217E+00  2.752E-02  1.195E+00
 4.51132E+01  210.60  1.55151E+18  3.705E+00  3.700E+02  1.423E+00  2.733E-02  1.173E+00
 4.11484E+01  212.02  1.40563E+18  3.787E+00  3.700E+02  2.068E+00  2.719E-02  1.149E+00
 3.74246E+01  213.51  1.26950E+18  3.873E+00  3.700E+02  2.838E+00  2.709E-02  1.124E+00
 3.39345E+01  215.05  1.14287E+18  3.959E+00  3.700E+02  3.635E+00  2.700E-02  1.098E+00
 3.06707E+01  216.64  1.02537E+18  4.058E+00  3.700E+02  4.473E+00  2.691E-02  1.069E+00
 2.76260E+01  218.29  9.16624E+17  4.157E+00  3.700E+02  5.346E+00  2.683E-02  1.040E+00
 2.47927E+01  219.99  8.16257E+17  4.260E+00  3.700E+02  6.255E+00  2.680E-02  1.009E+00
 2.21634E+01  221.71  7.24021E+17  4.347E+00  3.700E+02  7.201E+00  2.686E-02  9.763E-01
 1.97305E+01  223.32  6.39889E+17  4.389E+00  3.700E+02  8.236E+00  2.704E-02  9.422E-01
 1.74862E+01  224.98  5.62932E+17  4.416E+00  3.700E+02  9.305E+00  2.738E-02  9.073E-01
 1.54228E+01  226.70  4.92739E+17  4.443E+00  3.700E+02  1.042E+01  2.792E-02  8.718E-01
 1.35325E+01  228.49  4.28957E+17  4.477E+00  3.700E+02  1.160E+01  2.867E-02  8.363E-01
 1.18074E+01  230.37  3.71227E+17  4.516E+00  3.700E+02  1.285E+01  2.963E-02  8.010E-01
 1.02397E+01  232.91  3.18425E+17  4.667E+00  3.700E+02  1.343E+01  3.082E-02  7.663E-01
 8.82158E+00  235.96  2.70777E+17  4.933E+00  3.700E+02  1.364E+01  3.225E-02  7.320E-01
 7.54497E+00  239.16  2.28492E+17  5.183E+00  3.700E+02  1.378E+01  3.394E-02  6.969E-01
 6.40200E+00  242.52  1.91191E+17  5.433E+00  3.700E+02  1.389E+01  3.589E-02  6.600E-01
 5.38483E+00  246.01  1.58532E+17  5.629E+00  3.700E+02  1.375E+01  3.813E-02  6.193E-01
 4.48550E+00  249.55  1.30183E+17  5.625E+00  3.700E+02  1.282E+01  4.071E-02  5.727E-01
 3.69615E+00  253.29  1.05690E+17  5.613E+00  3.700E+02  1.180E+01  4.369E-02  5.170E-01
 3.00906E+00  257.24  8.47213E+16  5.601E+00  3.700E+02  1.072E+01  4.717E-02  4.493E-01
 2.41639E+00  260.52  6.71794E+16  5.552E+00  3.700E+02  9.388E+00  5.127E-02  3.812E-01
 1.91046E+00  263.46  5.25204E+16  5.488E+00  3.700E+02  7.891E+00  5.616E-02  3.322E-01
 1.48367E+00  266.48  4.03258E+16  5.411E+00  3.700E+02  6.312E+00  6.211E-02  2.886E-01
 1.12861E+00  266.79  3.06392E+16  5.255E+00  3.700E+02  4.871E+00  6.958E-02  2.324E-01
 8.37871E-01  265.93  2.28197E+16  5.141E+00  3.700E+02  3.510E+00  7.930E-02  1.923E-01
 6.04268E-01  265.40  1.64903E+16  5.119E+00  3.700E+02  2.728E+00  9.189E-02  1.731E-01
 4.20779E-01  265.40  1.14831E+16  5.129E+00  3.700E+02  2.784E+00  1.071E-01  1.602E-01
 2.80565E-01  265.40  7.65660E+15  5.171E+00  3.700E+02  2.435E+00  1.246E-01  1.490E-01
 1.77120E-01  263.09  4.87606E+15  5.152E+00  3.700E+02  1.594E+00  1.435E-01  1.420E-01
 1.04074E-01  244.75  3.07979E+15  4.618E+00  3.700E+02  1.030E+00  1.639E-01  1.427E-01
 5.54397E-02  235.73  1.70339E+15  3.894E+00  3.700E+02  6.567E-01  2.717E-01  1.506E-01
 2.56547E-02  227.98  8.15048E+14  3.384E+00  3.700E+02  4.437E-01  8.090E-01  1.558E-01
 9.49220E-03  211.46  3.25126E+14  2.297E+00  3.663E+02  4.679E-01  2.157E+00  1.448E-01
 4.46000E-03  197.93  1.63199E+14  1.430E+00  3.588E+02  4.049E-01  3.799E+00  1.381E-01
 1.84000E-03  190.51  6.99512E+13  8.756E-01  3.476E+02  3.420E-01  7.685E+00  1.523E-01
