! TIGR profile number 1268 
! Created using makeprof_tigr and database tigr.fdata.new 
! fake O3 
! Fake 1090 mb data to prevent H2O interpolation saturation 
! This file last updated July 2000
'P'  44  5 
 1  2  3  5  6 
 -65.950    0.000 
 1.09000E+03  253.00  3.12040E+19  1.100E+03  3.700E+02  3.500E-02  2.660E-01  1.668E+00
 1.01300E+03  254.61  2.88163E+19  1.400E+03  3.700E+02  3.500E-02  2.640E-01  1.678E+00
 9.55120E+02  257.04  2.69129E+19  1.684E+03  3.700E+02  3.500E-02  2.615E-01  1.691E+00
 9.00330E+02  256.05  2.54672E+19  1.585E+03  3.700E+02  3.600E-02  2.589E-01  1.699E+00
 8.48690E+02  254.07  2.41935E+19  1.450E+03  3.700E+02  3.600E-02  2.562E-01  1.706E+00
 8.00000E+02  251.29  2.30578E+19  1.165E+03  3.700E+02  3.700E-02  2.534E-01  1.708E+00
 7.24780E+02  249.32  2.10549E+19  9.616E+02  3.700E+02  4.000E-02  2.483E-01  1.707E+00
 6.51040E+02  245.59  1.92000E+19  7.490E+02  3.700E+02  4.400E-02  2.422E-01  1.697E+00
 5.84800E+02  240.54  1.76086E+19  4.990E+02  3.700E+02  4.800E-02  2.355E-01  1.681E+00
 5.25000E+02  235.05  1.61772E+19  3.056E+02  3.700E+02  5.200E-02  2.278E-01  1.661E+00
 4.71860E+02  229.44  1.48953E+19  1.784E+02  3.700E+02  8.100E-02  2.194E-01  1.637E+00
 4.23850E+02  225.47  1.36153E+19  1.156E+02  3.700E+02  1.100E-01  2.092E-01  1.610E+00
 3.80730E+02  219.94  1.25377E+19  6.143E+01  3.700E+02  1.600E-01  1.906E-01  1.584E+00
 3.41990E+02  214.59  1.15427E+19  3.391E+01  3.700E+02  2.300E-01  1.584E-01  1.558E+00
 3.07200E+02  210.60  1.05649E+19  1.643E+01  3.700E+02  2.800E-01  1.230E-01  1.533E+00
 2.75950E+02  206.47  9.68004E+18  1.191E+01  3.700E+02  3.000E-01  9.957E-02  1.512E+00
 2.47870E+02  202.54  8.86374E+18  8.629E+00  3.700E+02  3.200E-01  8.432E-02  1.494E+00
 2.22650E+02  201.24  8.01331E+18  6.254E+00  3.700E+02  3.400E-01  7.290E-02  1.481E+00
 2.00000E+02  199.94  7.24493E+18  4.533E+00  3.700E+02  3.600E-01  6.277E-02  1.474E+00
 1.61990E+02  197.73  5.93362E+18  3.216E+00  3.700E+02  7.200E-01  4.419E-02  1.472E+00
 1.31200E+02  196.67  4.83169E+18  3.000E+00  3.700E+02  1.100E+00  3.215E-02  1.479E+00
 1.06270E+02  196.27  3.92157E+18  3.200E+00  3.700E+02  1.500E+00  2.641E-02  1.489E+00
 8.60700E+01  198.22  3.14491E+18  3.500E+00  3.700E+02  2.500E+00  2.365E-02  1.492E+00
 6.97100E+01  199.19  2.53473E+18  4.000E+00  3.700E+02  3.600E+00  2.202E-02  1.483E+00
 5.64600E+01  199.96  2.04504E+18  4.000E+00  3.700E+02  3.900E+00  2.039E-02  1.453E+00
 4.57300E+01  200.94  1.64831E+18  3.200E+00  3.700E+02  4.700E+00  1.864E-02  1.393E+00
 3.70400E+01  203.01  1.32147E+18  2.800E+00  3.700E+02  5.800E+00  1.705E-02  1.302E+00
 2.47900E+01  205.91  8.71972E+17  3.700E+00  3.700E+02  6.300E+00  1.504E-02  1.078E+00
 1.66000E+01  207.75  5.78723E+17  4.400E+00  3.700E+02  6.700E+00  1.473E-02  9.437E-01
 1.11100E+01  214.42  3.75278E+17  3.300E+00  3.700E+02  6.200E+00  1.619E-02  9.013E-01
 7.43000E+00  238.01  2.26098E+17  2.500E+00  3.700E+02  5.800E+00  1.897E-02  8.672E-01
 4.98000E+00  252.46  1.42870E+17  3.400E+00  3.700E+02  5.200E+00  2.241E-02  7.797E-01
 3.33000E+00  261.18  9.23439E+16  3.700E+00  3.700E+02  4.700E+00  2.693E-02  6.475E-01
 2.23000E+00  267.51  6.03766E+16  3.600E+00  3.700E+02  4.200E+00  3.434E-02  5.034E-01
 1.50000E+00  269.69  4.02838E+16  3.600E+00  3.700E+02  3.500E+00  4.611E-02  3.942E-01
 1.00000E+00  270.53  2.67725E+16  3.800E+00  3.700E+02  3.600E+00  6.115E-02  2.702E-01
 5.50000E-01  266.97  1.49212E+16  4.200E+00  3.700E+02  1.500E+00  8.427E-02  1.742E-01
 3.00000E-01  256.58  8.46842E+15  3.800E+00  3.700E+02  7.100E-01  1.231E-01  1.833E-01
 1.70000E-01  245.45  5.01637E+15  2.600E+00  3.700E+02  6.900E-01  1.972E-01  1.842E-01
 9.00000E-02  232.99  2.79775E+15  2.600E+00  3.700E+02  6.800E-01  3.389E-01  1.693E-01
 5.00000E-02  221.47  1.63515E+15  3.400E+00  3.700E+02  4.900E-01  4.261E-01  1.534E-01
 2.40000E-02  210.37  8.26287E+14  3.800E+00  3.700E+02  3.100E-01  5.369E-01  1.446E-01
 1.05000E-02  200.57  3.79164E+14  4.100E+00  3.678E+02  2.200E-01  9.861E-01  1.496E-01
 1.84000E-03  188.87  7.05600E+13  3.600E+00  3.476E+02  5.000E-01  4.975E+00  1.435E-01
