! TIGR profile number 1490 
! Created using makeprof_tigr and database tigr.fdata.new 
! Ozone (9 < P < 689) based on NOAA CMDL sonde South Pole 9 Nov. 2001 as822
!  
! This file last updated February 2002 (ozone only; otherwise July 2000)
'P'  43  5 
 1  2  3  5  6 
  66.770    0.000  238.05  1013.25 
 1.01300E+03  238.05  3.08209E+19  1.452E+02  3.700E+02  2.900E-02  3.439E-01  1.633E+00
 9.55120E+02  238.90  2.89565E+19  1.677E+02  3.700E+02  3.000E-02  3.433E-01  1.613E+00
 9.00330E+02  239.99  2.71714E+19  2.015E+02  3.700E+02  3.100E-02  3.413E-01  1.597E+00
 8.48690E+02  241.02  2.55035E+19  2.404E+02  3.700E+02  3.200E-02  3.379E-01  1.585E+00
 8.00000E+02  239.86  2.41566E+19  2.238E+02  3.700E+02  3.300E-02  3.334E-01  1.578E+00
 7.24780E+02  237.93  2.20628E+19  1.981E+02  3.700E+02  3.300E-02  3.235E-01  1.572E+00
 6.51040E+02  234.84  2.00789E+19  1.560E+02  3.700E+02  3.400E-02  3.103E-01  1.577E+00
 5.84800E+02  231.26  1.83152E+19  1.156E+02  3.700E+02  3.300E-02  2.954E-01  1.586E+00
 5.25000E+02  227.67  1.67016E+19  8.453E+01  3.700E+02  3.400E-02  2.794E-01  1.601E+00
 4.71860E+02  223.87  1.52659E+19  5.927E+01  3.700E+02  3.500E-02  2.634E-01  1.617E+00
 4.23850E+02  219.83  1.39646E+19  3.970E+01  3.700E+02  3.700E-02  2.476E-01  1.632E+00
 3.80730E+02  217.55  1.26754E+19  3.273E+01  3.700E+02  4.000E-02  2.325E-01  1.642E+00
 3.41990E+02  217.32  1.13977E+19  3.501E+01  3.700E+02  4.000E-02  2.183E-01  1.648E+00
 3.07200E+02  217.10  1.02486E+19  3.744E+01  3.700E+02  3.700E-02  2.049E-01  1.642E+00
 2.75950E+02  217.60  9.18492E+18  2.714E+01  3.700E+02  4.200E-02  1.920E-01  1.627E+00
 2.47870E+02  218.30  8.22383E+18  1.967E+01  3.700E+02  4.200E-02  1.798E-01  1.604E+00
 2.22650E+02  218.87  7.36784E+18  1.425E+01  3.700E+02  4.800E-02  1.675E-01  1.577E+00
 2.00000E+02  219.45  6.60082E+18  1.033E+01  3.700E+02  4.900E-02  1.534E-01  1.549E+00
 1.61990E+02  218.13  5.37869E+18  5.490E+00  3.700E+02  9.500E-02  1.163E-01  1.501E+00
 1.31200E+02  216.92  4.38064E+18  2.600E+00  3.700E+02  2.100E-01  8.031E-02  1.464E+00
 1.06270E+02  215.78  3.56700E+18  2.600E+00  3.700E+02  1.850E-01  6.065E-02  1.429E+00
 8.60700E+01  214.61  2.90473E+18  2.800E+00  3.700E+02  1.450E-01  4.833E-02  1.390E+00
 6.97100E+01  213.44  2.36550E+18  2.600E+00  3.700E+02  1.050E-01  3.904E-02  1.345E+00
 5.64600E+01  212.94  1.92038E+18  3.400E+00  3.700E+02  3.200E-01  3.238E-02  1.286E+00
 4.57300E+01  212.75  1.55681E+18  3.000E+00  3.700E+02  1.450E+00  2.947E-02  1.211E+00
 3.70400E+01  213.00  1.25949E+18  2.200E+00  3.700E+02  1.750E+00  2.858E-02  1.123E+00
 2.47900E+01  213.53  8.40855E+17  2.300E+00  3.700E+02  2.850E+00  2.736E-02  1.058E+00
 1.66000E+01  214.60  5.60251E+17  3.000E+00  3.700E+02  3.750E+00  2.936E-02  1.087E+00
 1.11100E+01  216.22  3.72153E+17  3.300E+00  3.700E+02  4.450E+00  3.574E-02  1.013E+00
 7.43000E+00  219.36  2.45321E+17  2.500E+00  3.700E+02  4.900E+00  4.136E-02  8.854E-01
 4.98000E+00  224.06  1.60979E+17  3.200E+00  3.700E+02  5.200E+00  4.562E-02  8.251E-01
 3.33000E+00  231.56  1.04156E+17  3.800E+00  3.700E+02  5.000E+00  5.006E-02  6.570E-01
 2.23000E+00  240.20  6.72412E+16  3.700E+00  3.700E+02  4.600E+00  5.729E-02  5.100E-01
 1.50000E+00  248.91  4.36468E+16  3.000E+00  3.700E+02  3.900E+00  6.885E-02  3.521E-01
 1.00000E+00  257.63  2.81130E+16  2.700E+00  3.700E+02  3.400E+00  8.121E-02  2.773E-01
 5.50000E-01  265.36  1.50117E+16  3.600E+00  3.700E+02  1.800E+00  1.033E-01  1.988E-01
 3.00000E-01  263.94  8.23227E+15  3.600E+00  3.700E+02  1.100E+00  1.638E-01  1.628E-01
 1.70000E-01  260.30  4.73019E+15  3.900E+00  3.700E+02  7.700E-01  2.041E-01  1.511E-01
 9.00000E-02  256.21  2.54419E+15  3.700E+00  3.700E+02  6.400E-01  2.773E-01  1.482E-01
 5.00000E-02  252.44  1.43455E+15  2.900E+00  3.700E+02  4.100E-01  3.675E-01  1.519E-01
 2.40000E-02  241.34  7.20254E+14  3.100E+00  3.700E+02  1.900E-01  5.355E-01  1.616E-01
 1.05000E-02  231.54  3.28448E+14  3.400E+00  3.678E+02  1.500E-01  1.209E+00  1.735E-01
 1.84000E-03  219.84  6.06199E+13  3.300E+00  3.476E+02  5.700E-01  4.875E+00  1.666E-01
