! AIRS FTC regression profile 39 
! based on Mitch Goldberg's airs88sub profile 63 
! CO2 & O3 mixing ratios for dry air 
! top two layers are based on offset AFGL US STANDARD 
! This file last updated July 2000
'P' 102  5 
 1  2  3  5  6 
 68.555  0.0 
 1.08539E+03  291.16  2.69993E+19  1.768E+04  3.700E+02  3.599E-02  4.924E-01  1.726E+00
 1.05651E+03  290.73  2.63198E+19  1.583E+04  3.700E+02  3.625E-02  4.625E-01  1.723E+00
 1.02802E+03  290.25  2.56528E+19  1.372E+04  3.700E+02  3.621E-02  4.358E-01  1.720E+00
 9.99942E+02  289.75  2.49948E+19  1.161E+04  3.700E+02  3.647E-02  4.120E-01  1.717E+00
 9.72265E+02  289.24  2.43462E+19  9.504E+03  3.700E+02  3.659E-02  3.907E-01  1.714E+00
 9.44993E+02  288.80  2.36996E+19  6.969E+03  3.700E+02  3.672E-02  3.717E-01  1.712E+00
 9.18130E+02  288.28  2.30670E+19  7.442E+03  3.700E+02  3.685E-02  3.548E-01  1.710E+00
 8.91678E+02  287.47  2.24657E+19  8.847E+03  3.700E+02  3.695E-02  3.397E-01  1.708E+00
 8.65640E+02  286.54  2.18804E+19  9.953E+03  3.700E+02  3.701E-02  3.263E-01  1.706E+00
 8.40016E+02  285.41  2.13171E+19  1.121E+04  3.700E+02  3.751E-02  3.145E-01  1.705E+00
 8.14807E+02  284.02  2.07784E+19  1.101E+04  3.700E+02  3.873E-02  3.040E-01  1.703E+00
 7.90016E+02  282.61  2.02464E+19  1.056E+04  3.700E+02  3.964E-02  2.948E-01  1.702E+00
 7.65645E+02  281.32  1.97123E+19  1.021E+04  3.700E+02  4.070E-02  2.867E-01  1.700E+00
 7.41694E+02  280.12  1.91771E+19  9.900E+03  3.700E+02  4.180E-02  2.797E-01  1.699E+00
 7.18163E+02  278.92  1.86485E+19  9.591E+03  3.700E+02  4.282E-02  2.737E-01  1.698E+00
 6.95054E+02  277.66  1.81306E+19  9.273E+03  3.700E+02  4.410E-02  2.686E-01  1.697E+00
 6.72367E+02  276.29  1.76254E+19  8.805E+03  3.700E+02  4.635E-02  2.644E-01  1.697E+00
 6.50103E+02  274.89  1.71286E+19  8.180E+03  3.700E+02  4.858E-02  2.609E-01  1.697E+00
 6.28264E+02  273.46  1.66401E+19  7.541E+03  3.700E+02  5.052E-02  2.582E-01  1.697E+00
 6.06847E+02  271.93  1.61629E+19  6.947E+03  3.700E+02  5.264E-02  2.561E-01  1.697E+00
 5.85854E+02  270.34  1.56958E+19  6.473E+03  3.700E+02  5.470E-02  2.546E-01  1.697E+00
 5.65284E+02  268.64  1.52404E+19  6.005E+03  3.700E+02  5.670E-02  2.537E-01  1.698E+00
 5.45139E+02  266.84  1.47963E+19  5.470E+03  3.700E+02  5.860E-02  2.534E-01  1.698E+00
 5.25416E+02  264.95  1.43630E+19  4.900E+03  3.700E+02  6.000E-02  2.534E-01  1.699E+00
 5.06114E+02  263.09  1.39330E+19  4.390E+03  3.700E+02  6.303E-02  2.539E-01  1.700E+00
 4.87235E+02  261.62  1.34888E+19  3.810E+03  3.700E+02  7.065E-02  2.547E-01  1.702E+00
 4.68777E+02  260.02  1.30577E+19  2.694E+03  3.700E+02  8.242E-02  2.558E-01  1.704E+00
 4.50738E+02  257.79  1.26635E+19  2.058E+03  3.700E+02  9.387E-02  2.572E-01  1.706E+00
 4.33118E+02  255.44  1.22806E+19  1.887E+03  3.700E+02  1.048E-01  2.586E-01  1.708E+00
 4.15914E+02  253.14  1.19001E+19  1.528E+03  3.700E+02  1.152E-01  2.600E-01  1.710E+00
 3.99125E+02  250.73  1.15294E+19  1.103E+03  3.700E+02  1.258E-01  2.614E-01  1.712E+00
 3.82751E+02  248.20  1.11693E+19  8.457E+02  3.700E+02  1.360E-01  2.625E-01  1.714E+00
 3.66789E+02  245.60  1.08166E+19  7.802E+02  3.700E+02  1.449E-01  2.633E-01  1.717E+00
 3.51236E+02  242.98  1.04697E+19  6.678E+02  3.700E+02  1.545E-01  2.636E-01  1.721E+00
 3.36091E+02  240.34  1.01283E+19  5.635E+02  3.700E+02  1.645E-01  2.632E-01  1.724E+00
 3.21351E+02  237.66  9.79343E+18  4.671E+02  3.700E+02  1.703E-01  2.621E-01  1.727E+00
 3.07015E+02  234.93  9.46495E+18  3.659E+02  3.700E+02  1.819E-01  2.599E-01  1.731E+00
 2.93078E+02  232.30  9.13779E+18  2.577E+02  3.700E+02  2.113E-01  2.565E-01  1.735E+00
 2.79537E+02  229.71  8.81389E+18  2.133E+02  3.700E+02  2.569E-01  2.518E-01  1.740E+00
 2.66392E+02  227.10  8.49600E+18  2.007E+02  3.700E+02  3.074E-01  2.456E-01  1.744E+00
 2.53637E+02  224.82  8.17103E+18  1.708E+02  3.700E+02  3.532E-01  2.377E-01  1.748E+00
 2.41270E+02  223.26  7.82697E+18  1.451E+02  3.700E+02  3.995E-01  2.281E-01  1.752E+00
 2.29287E+02  222.32  7.46958E+18  1.279E+02  3.700E+02  4.464E-01  2.167E-01  1.758E+00
 2.17685E+02  221.46  7.11941E+18  1.138E+02  3.700E+02  4.866E-01  2.036E-01  1.763E+00
 2.06459E+02  220.59  6.77878E+18  9.582E+01  3.700E+02  5.271E-01  1.888E-01  1.767E+00
 1.95606E+02  220.62  6.42164E+18  7.336E+01  3.700E+02  5.787E-01  1.726E-01  1.772E+00
 1.85122E+02  221.45  6.05473E+18  6.509E+01  3.700E+02  6.449E-01  1.552E-01  1.778E+00
 1.75001E+02  222.33  5.70102E+18  5.730E+01  3.700E+02  7.087E-01  1.368E-01  1.783E+00
 1.65241E+02  223.22  5.36148E+18  4.944E+01  3.700E+02  7.733E-01  1.182E-01  1.789E+00
 1.55836E+02  224.16  5.03511E+18  4.132E+01  3.700E+02  8.339E-01  9.999E-02  1.795E+00
 1.46780E+02  224.72  4.73066E+18  3.241E+01  3.700E+02  9.182E-01  8.287E-02  1.800E+00
 1.38072E+02  224.74  4.44966E+18  2.698E+01  3.700E+02  1.037E+00  6.764E-02  1.805E+00
 1.29703E+02  224.70  4.18066E+18  2.291E+01  3.700E+02  1.151E+00  5.498E-02  1.811E+00
 1.21669E+02  224.70  3.92171E+18  1.903E+01  3.700E+02  1.261E+00  4.509E-02  1.815E+00
 1.13965E+02  224.69  3.67365E+18  1.584E+01  3.700E+02  1.365E+00  3.769E-02  1.819E+00
 1.06586E+02  224.65  3.43631E+18  1.301E+01  3.700E+02  1.461E+00  3.222E-02  1.821E+00
 9.95256E+01  224.71  3.20780E+18  1.054E+01  3.700E+02  1.592E+00  2.826E-02  1.822E+00
 9.27780E+01  225.02  2.98625E+18  8.582E+00  3.700E+02  1.763E+00  2.544E-02  1.820E+00
 8.63375E+01  225.43  2.77385E+18  7.193E+00  3.700E+02  1.961E+00  2.344E-02  1.817E+00
 8.01979E+01  225.82  2.57217E+18  5.920E+00  3.700E+02  2.143E+00  2.203E-02  1.810E+00
 7.43533E+01  226.22  2.38055E+18  4.769E+00  3.700E+02  2.321E+00  2.106E-02  1.798E+00
 6.87970E+01  226.63  2.19865E+18  3.753E+00  3.700E+02  2.470E+00  2.042E-02  1.782E+00
 6.35228E+01  227.06  2.02629E+18  3.600E+00  3.700E+02  2.622E+00  2.001E-02  1.761E+00
 5.85241E+01  227.51  1.86308E+18  3.500E+00  3.700E+02  2.742E+00  1.972E-02  1.734E+00
 5.37942E+01  227.99  1.70895E+18  3.400E+00  3.700E+02  2.869E+00  1.942E-02  1.700E+00
 4.93262E+01  228.38  1.56431E+18  3.300E+00  3.700E+02  2.993E+00  1.909E-02  1.659E+00
 4.51132E+01  228.62  1.42919E+18  3.251E+00  3.700E+02  3.110E+00  1.872E-02  1.609E+00
 4.11484E+01  228.73  1.30297E+18  3.331E+00  3.700E+02  3.226E+00  1.830E-02  1.551E+00
 3.74246E+01  228.78  1.18482E+18  3.411E+00  3.700E+02  3.332E+00  1.784E-02  1.487E+00
 3.39345E+01  228.87  1.07386E+18  3.492E+00  3.700E+02  3.434E+00  1.737E-02  1.420E+00
 3.06707E+01  229.19  9.69251E+17  3.589E+00  3.700E+02  3.546E+00  1.689E-02  1.352E+00
 2.76260E+01  229.85  8.70500E+17  3.694E+00  3.700E+02  3.661E+00  1.642E-02  1.285E+00
 2.47927E+01  230.89  7.77730E+17  3.810E+00  3.700E+02  3.780E+00  1.596E-02  1.222E+00
 2.21634E+01  232.17  6.91393E+17  3.931E+00  3.700E+02  3.898E+00  1.554E-02  1.163E+00
 1.97305E+01  233.57  6.11827E+17  4.072E+00  3.700E+02  4.029E+00  1.517E-02  1.108E+00
 1.74862E+01  234.88  5.39195E+17  4.211E+00  3.700E+02  4.145E+00  1.488E-02  1.057E+00
 1.54228E+01  235.90  4.73511E+17  4.350E+00  3.700E+02  4.244E+00  1.468E-02  1.010E+00
 1.35325E+01  236.56  4.14330E+17  4.496E+00  3.700E+02  4.319E+00  1.458E-02  9.652E-01
 1.18074E+01  237.32  3.60345E+17  4.653E+00  3.700E+02  4.353E+00  1.461E-02  9.224E-01
 1.02397E+01  239.25  3.09988E+17  4.821E+00  3.700E+02  4.317E+00  1.478E-02  8.805E-01
 8.82158E+00  242.68  2.63275E+17  5.047E+00  3.700E+02  4.065E+00  1.510E-02  8.377E-01
 7.54497E+00  246.81  2.21408E+17  5.264E+00  3.700E+02  3.651E+00  1.560E-02  7.919E-01
 6.40200E+00  250.59  1.85033E+17  5.466E+00  3.700E+02  3.276E+00  1.631E-02  7.414E-01
 5.38483E+00  253.95  1.53580E+17  5.663E+00  3.700E+02  2.935E+00  1.728E-02  6.870E-01
 4.48550E+00  257.15  1.26335E+17  5.820E+00  3.700E+02  2.625E+00  1.858E-02  6.306E-01
 3.69615E+00  260.35  1.02825E+17  6.000E+00  3.700E+02  2.353E+00  2.031E-02  5.767E-01
 3.00906E+00  263.91  8.25802E+16  6.050E+00  3.700E+02  2.125E+00  2.248E-02  5.311E-01
 2.41639E+00  267.14  6.55141E+16  6.000E+00  3.700E+02  1.911E+00  2.496E-02  4.928E-01
 1.91046E+00  269.74  5.12971E+16  5.950E+00  3.700E+02  1.800E+00  2.768E-02  4.511E-01
 1.48367E+00  272.21  3.94763E+16  5.850E+00  3.700E+02  1.690E+00  2.973E-02  3.784E-01
 1.12861E+00  275.34  2.96873E+16  5.700E+00  3.700E+02  1.580E+00  2.940E-02  2.738E-01
 8.37871E-01  276.73  2.19292E+16  5.550E+00  3.700E+02  1.470E+00  3.163E-02  2.131E-01
 6.04268E-01  272.20  1.60782E+16  5.300E+00  3.700E+02  1.350E+00  4.535E-02  1.976E-01
 4.20779E-01  265.68  1.14710E+16  5.100E+00  3.700E+02  1.240E+00  8.693E-02  1.883E-01
 2.80565E-01  256.49  7.92266E+15  4.900E+00  3.700E+02  1.130E+00  1.635E-01  1.726E-01
 1.77120E-01  247.56  5.18192E+15  4.686E+00  3.700E+02  1.020E+00  2.150E-01  1.566E-01
 1.04074E-01  236.95  3.18119E+15  4.235E+00  3.700E+02  6.850E-01  2.602E-01  1.517E-01
 5.54397E-02  225.60  1.77986E+15  3.651E+00  3.700E+02  3.720E-01  3.348E-01  1.579E-01
 2.56547E-02  214.90  8.64628E+14  2.972E+00  3.700E+02  2.680E-01  4.820E-01  1.671E-01
 9.49220E-03  201.48  3.41223E+14  2.570E+00  3.663E+02  3.248E-01  1.327E+00  1.682E-01
 4.46000E-03  191.70  1.68506E+14  1.541E+00  3.588E+02  3.155E-01  3.168E+00  1.633E-01
 1.84000E-03  188.02  7.08790E+13  9.039E-01  3.476E+02  3.062E-01  6.582E+00  1.565E-01
