! TIGR profile number 1243 
! Created using makeprof_tigr and database tigr.fdata.new 
! Ozone (P < 5 mb) from NOAA sonde Fiji 30 September 2000 fj140
! Fake 1080 mb data to prevent H2O interpolation saturation  
! This file last updated February 2002 (ozone only; otherwise July 2000)
'P'  44  5 
 1  2  3  5  6 
  71.390    0.000 
 1.08000E+03  252.00  3.10404E+19  1.000E+03  3.700E+02  2.700E-02  3.710E-01  2.192E+00
 1.01300E+03  253.86  2.89014E+19  1.231E+03  3.700E+02  2.800E-02  3.721E-01  2.157E+00
 9.55120E+02  261.47  2.64570E+19  2.500E+03  3.700E+02  3.000E-02  3.736E-01  2.108E+00
 9.00330E+02  264.19  2.46825E+19  3.452E+03  3.700E+02  2.900E-02  3.760E-01  2.069E+00
 8.48690E+02  262.16  2.34469E+19  3.088E+03  3.700E+02  2.800E-02  3.789E-01  2.038E+00
 8.00000E+02  258.72  2.23957E+19  1.582E+03  3.700E+02  2.600E-02  3.820E-01  2.015E+00
 7.24780E+02  253.72  2.06898E+19  9.528E+02  3.700E+02  2.500E-02  3.864E-01  1.991E+00
 6.51040E+02  247.44  1.90564E+19  7.558E+02  3.700E+02  2.400E-02  3.879E-01  1.980E+00
 5.84800E+02  240.98  1.75764E+19  3.683E+02  3.700E+02  2.200E-02  3.837E-01  1.983E+00
 5.25000E+02  237.61  1.60029E+19  2.093E+02  3.700E+02  2.100E-02  3.714E-01  1.997E+00
 4.71860E+02  234.79  1.45558E+19  1.461E+02  3.700E+02  2.000E-02  3.497E-01  2.016E+00
 4.23850E+02  230.77  1.33026E+19  6.788E+01  3.700E+02  2.000E-02  3.180E-01  2.039E+00
 3.80730E+02  227.35  1.21290E+19  1.256E+01  3.700E+02  2.050E-02  2.824E-01  2.063E+00
 3.41990E+02  225.17  1.10004E+19  1.162E+01  3.700E+02  2.100E-02  2.554E-01  2.081E+00
 3.07200E+02  222.13  1.00165E+19  7.247E+00  3.700E+02  2.100E-02  2.392E-01  2.093E+00
 2.75950E+02  220.17  9.07770E+18  5.253E+00  3.700E+02  2.100E-02  2.134E-01  2.100E+00
 2.47870E+02  218.72  8.20804E+18  3.807E+00  3.700E+02  2.150E-02  1.644E-01  2.100E+00
 2.22650E+02  219.48  7.34736E+18  3.216E+00  3.700E+02  2.200E-02  1.256E-01  2.094E+00
 2.00000E+02  220.25  6.57685E+18  3.216E+00  3.700E+02  2.250E-02  1.041E-01  2.083E+00
 1.61990E+02  219.08  5.35537E+18  3.216E+00  3.700E+02  3.800E-02  7.018E-02  2.049E+00
 1.31200E+02  217.60  4.36695E+18  3.800E+00  3.700E+02  6.600E-02  5.696E-02  2.015E+00
 1.06270E+02  215.94  3.56436E+18  3.300E+00  3.700E+02  9.000E-02  4.949E-02  2.002E+00
 8.60700E+01  213.87  2.91478E+18  2.400E+00  3.700E+02  1.350E-01  3.864E-02  1.994E+00
 6.97100E+01  213.45  2.36539E+18  2.400E+00  3.700E+02  6.400E-01  2.935E-02  1.923E+00
 5.64600E+01  213.07  1.91921E+18  2.600E+00  3.700E+02  1.300E+00  2.567E-02  1.742E+00
 4.57300E+01  215.93  1.53388E+18  3.200E+00  3.700E+02  2.200E+00  2.371E-02  1.569E+00
 3.70400E+01  215.32  1.24592E+18  3.900E+00  3.700E+02  3.400E+00  2.147E-02  1.494E+00
 2.47900E+01  213.55  8.40776E+17  3.400E+00  3.700E+02  5.500E+00  2.077E-02  1.376E+00
 1.66000E+01  212.25  5.66454E+17  2.400E+00  3.700E+02  7.500E+00  2.455E-02  1.242E+00
 1.11100E+01  211.98  3.79597E+17  2.800E+00  3.700E+02  8.700E+00  2.854E-02  1.131E+00
 7.43000E+00  213.73  2.51783E+17  3.700E+00  3.700E+02  7.500E+00  3.273E-02  8.584E-01
 4.98000E+00  216.95  1.66255E+17  3.200E+00  3.700E+02  6.300E+00  3.757E-02  6.656E-01
 3.33000E+00  221.06  1.09103E+17  2.800E+00  3.700E+02  5.000E+00  4.090E-02  6.245E-01
 2.23000E+00  223.94  7.21235E+16  2.900E+00  3.700E+02  4.300E+00  4.116E-02  6.182E-01
 1.50000E+00  227.59  4.77355E+16  2.800E+00  3.700E+02  4.600E+00  4.030E-02  4.121E-01
 1.00000E+00  231.80  3.12457E+16  3.600E+00  3.700E+02  4.800E+00  4.023E-02  2.677E-01
 5.50000E-01  238.82  1.66800E+16  4.200E+00  3.700E+02  3.200E+00  4.345E-02  2.069E-01
 3.00000E-01  237.77  9.13835E+15  3.000E+00  3.700E+02  2.000E+00  6.034E-02  1.725E-01
 1.70000E-01  234.96  5.24033E+15  2.300E+00  3.700E+02  1.200E+00  9.155E-02  1.685E-01
 9.00000E-02  231.82  2.81187E+15  2.300E+00  3.700E+02  8.200E-01  1.443E-01  1.660E-01
 5.00000E-02  228.92  1.58194E+15  2.800E+00  3.700E+02  5.500E-01  2.777E-01  1.540E-01
 2.40000E-02  217.82  7.98026E+14  3.600E+00  3.700E+02  3.800E-01  8.476E-01  1.409E-01
 1.05000E-02  208.02  3.65585E+14  3.500E+00  3.678E+02  4.200E-01  1.637E+00  1.434E-01
 1.84000E-03  196.32  6.78824E+13  3.100E+00  3.476E+02  8.400E-01  3.883E+00  1.685E-01
