! AIRS FTC regression profile 41 
! based on TIGR profile 1408 
! CO2 & O3 mixing ratios for dry air 
! top two layers are based on offset AFGL US STANDARD 
! This file last updated July 2000
'P' 102  5 
 1  2  3  5  6 
 53.750  0.0 
 1.08539E+03  251.71  3.12308E+19  4.008E+02  3.700E+02  1.847E-02  4.100E-01  2.204E+00
 1.05651E+03  250.67  3.05257E+19  3.741E+02  3.700E+02  1.918E-02  4.400E-01  2.197E+00
 1.02802E+03  249.62  2.98283E+19  3.438E+02  3.700E+02  1.973E-02  4.660E-01  2.191E+00
 9.99942E+02  248.55  2.91382E+19  3.161E+02  3.700E+02  2.046E-02  4.888E-01  2.184E+00
 9.72265E+02  247.47  2.84557E+19  2.865E+02  3.700E+02  2.112E-02  4.788E-01  2.178E+00
 9.44993E+02  246.43  2.77736E+19  2.587E+02  3.700E+02  2.187E-02  4.446E-01  2.173E+00
 9.18130E+02  245.49  2.70877E+19  2.340E+02  3.700E+02  2.278E-02  3.978E-01  2.166E+00
 8.91678E+02  244.41  2.64241E+19  2.085E+02  3.700E+02  2.369E-02  3.491E-01  2.161E+00
 8.65640E+02  243.06  2.57943E+19  1.819E+02  3.700E+02  2.459E-02  3.061E-01  2.156E+00
 8.40016E+02  241.74  2.51675E+19  1.595E+02  3.700E+02  2.551E-02  2.736E-01  2.150E+00
 8.14807E+02  240.49  2.45397E+19  1.455E+02  3.700E+02  2.656E-02  2.513E-01  2.146E+00
 7.90016E+02  239.31  2.39098E+19  1.329E+02  3.700E+02  2.742E-02  2.348E-01  2.141E+00
 7.65645E+02  238.26  2.32745E+19  1.247E+02  3.700E+02  2.841E-02  2.206E-01  2.137E+00
 7.41694E+02  237.20  2.26476E+19  1.164E+02  3.700E+02  2.943E-02  2.076E-01  2.132E+00
 7.18163E+02  236.15  2.20259E+19  1.085E+02  3.700E+02  3.042E-02  1.952E-01  2.128E+00
 6.95054E+02  235.18  2.14050E+19  1.011E+02  3.700E+02  3.123E-02  1.828E-01  2.125E+00
 6.72367E+02  234.20  2.07929E+19  9.440E+01  3.700E+02  3.230E-02  1.716E-01  2.121E+00
 6.50103E+02  233.10  2.01998E+19  8.648E+01  3.700E+02  3.324E-02  1.630E-01  2.118E+00
 6.28264E+02  231.41  1.96635E+19  7.456E+01  3.700E+02  3.393E-02  1.574E-01  2.114E+00
 6.06847E+02  229.62  1.91416E+19  6.230E+01  3.700E+02  3.473E-02  1.542E-01  2.111E+00
 5.85854E+02  227.83  1.86247E+19  5.050E+01  3.700E+02  3.556E-02  1.527E-01  2.108E+00
 5.65284E+02  226.23  1.80978E+19  4.325E+01  3.700E+02  3.643E-02  1.525E-01  2.106E+00
 5.45139E+02  224.65  1.75754E+19  3.672E+01  3.700E+02  3.719E-02  1.530E-01  2.103E+00
 5.25416E+02  223.11  1.70566E+19  3.071E+01  3.700E+02  3.826E-02  1.540E-01  2.101E+00
 5.06114E+02  221.94  1.65167E+19  2.772E+01  3.700E+02  4.041E-02  1.552E-01  2.099E+00
 4.87235E+02  220.82  1.59809E+19  2.516E+01  3.700E+02  4.266E-02  1.564E-01  2.096E+00
 4.68777E+02  219.68  1.54554E+19  2.278E+01  3.700E+02  4.538E-02  1.574E-01  2.094E+00
 4.50738E+02  218.49  1.49419E+19  2.074E+01  3.700E+02  4.891E-02  1.581E-01  2.092E+00
 4.33118E+02  217.27  1.44380E+19  1.878E+01  3.700E+02  5.275E-02  1.585E-01  2.090E+00
 4.15914E+02  216.39  1.39211E+19  1.751E+01  3.700E+02  5.658E-02  1.585E-01  2.089E+00
 3.99125E+02  215.90  1.33894E+19  1.721E+01  3.700E+02  6.083E-02  1.581E-01  2.087E+00
 3.82751E+02  215.47  1.28658E+19  1.705E+01  3.700E+02  6.522E-02  1.573E-01  2.085E+00
 3.66789E+02  215.71  1.23152E+19  1.816E+01  3.700E+02  6.949E-02  1.557E-01  2.084E+00
 3.51236E+02  216.15  1.17692E+19  1.983E+01  3.700E+02  7.444E-02  1.536E-01  2.082E+00
 3.36091E+02  216.54  1.12413E+19  2.162E+01  3.700E+02  7.960E-02  1.506E-01  2.081E+00
 3.21351E+02  216.86  1.07326E+19  2.341E+01  3.700E+02  8.441E-02  1.470E-01  2.078E+00
 3.07015E+02  217.15  1.02403E+19  2.480E+01  3.700E+02  9.143E-02  1.423E-01  2.077E+00
 2.93078E+02  217.21  9.77247E+18  2.254E+01  3.700E+02  1.069E-01  1.362E-01  2.075E+00
 2.79537E+02  217.24  9.31974E+18  1.962E+01  3.700E+02  1.244E-01  1.282E-01  2.073E+00
 2.66392E+02  217.24  8.88134E+18  1.720E+01  3.700E+02  1.451E-01  1.184E-01  2.071E+00
 2.53637E+02  217.23  8.45645E+18  1.496E+01  3.700E+02  1.678E-01  1.075E-01  2.069E+00
 2.41270E+02  217.18  8.04606E+18  1.299E+01  3.700E+02  1.913E-01  9.604E-02  2.067E+00
 2.29287E+02  217.09  7.64962E+18  1.128E+01  3.700E+02  2.156E-01  8.477E-02  2.064E+00
 2.17685E+02  217.00  7.26560E+18  9.635E+00  3.700E+02  2.387E-01  7.434E-02  2.059E+00
 2.06459E+02  216.91  6.89388E+18  8.232E+00  3.700E+02  2.615E-01  6.514E-02  2.056E+00
 1.95606E+02  216.80  6.53459E+18  7.051E+00  3.700E+02  2.898E-01  5.722E-02  2.052E+00
 1.85122E+02  216.69  6.18763E+18  6.139E+00  3.700E+02  3.237E-01  5.044E-02  2.047E+00
 1.75001E+02  216.57  5.85252E+18  5.201E+00  3.700E+02  3.577E-01  4.464E-02  2.041E+00
 1.65241E+02  216.45  5.52916E+18  4.273E+00  3.700E+02  3.938E-01  3.975E-02  2.034E+00
 1.55836E+02  216.33  5.21733E+18  3.798E+00  3.700E+02  4.416E-01  3.567E-02  2.027E+00
 1.46780E+02  216.21  4.91686E+18  3.583E+00  3.700E+02  4.962E-01  3.234E-02  2.016E+00
 1.38072E+02  216.09  4.62774E+18  3.386E+00  3.700E+02  5.550E-01  2.968E-02  2.005E+00
 1.29703E+02  215.97  4.34977E+18  3.211E+00  3.700E+02  6.141E-01  2.756E-02  1.992E+00
 1.21669E+02  215.84  4.08274E+18  3.199E+00  3.700E+02  6.850E-01  2.589E-02  1.976E+00
 1.13965E+02  215.71  3.82654E+18  3.195E+00  3.700E+02  7.570E-01  2.460E-02  1.957E+00
 1.06586E+02  215.59  3.58082E+18  3.193E+00  3.700E+02  8.376E-01  2.362E-02  1.934E+00
 9.95256E+01  215.53  3.34445E+18  3.195E+00  3.700E+02  9.659E-01  2.289E-02  1.908E+00
 9.27780E+01  215.49  3.11828E+18  3.194E+00  3.700E+02  1.105E+00  2.237E-02  1.878E+00
 8.63375E+01  215.46  2.90230E+18  3.197E+00  3.700E+02  1.253E+00  2.202E-02  1.846E+00
 8.01979E+01  215.45  2.69597E+18  3.189E+00  3.700E+02  1.421E+00  2.180E-02  1.810E+00
 7.43533E+01  215.46  2.49944E+18  3.199E+00  3.700E+02  1.607E+00  2.165E-02  1.771E+00
 6.87970E+01  215.51  2.31208E+18  3.188E+00  3.700E+02  1.804E+00  2.154E-02  1.732E+00
 6.35228E+01  215.74  2.13260E+18  3.203E+00  3.700E+02  2.082E+00  2.140E-02  1.691E+00
 5.85241E+01  215.98  1.96255E+18  3.197E+00  3.700E+02  2.360E+00  2.121E-02  1.650E+00
 5.37942E+01  216.26  1.80165E+18  3.202E+00  3.700E+02  2.659E+00  2.095E-02  1.608E+00
 4.93262E+01  216.56  1.64972E+18  3.202E+00  3.700E+02  2.966E+00  2.063E-02  1.568E+00
 4.51132E+01  217.21  1.50427E+18  3.200E+00  3.700E+02  3.282E+00  2.026E-02  1.527E+00
 4.11484E+01  219.10  1.36023E+18  3.223E+00  3.700E+02  3.640E+00  1.988E-02  1.487E+00
 3.74246E+01  221.05  1.22625E+18  3.241E+00  3.700E+02  4.008E+00  1.948E-02  1.447E+00
 3.39345E+01  221.95  1.10734E+18  3.241E+00  3.700E+02  4.354E+00  1.911E-02  1.408E+00
 3.06707E+01  222.61  9.97894E+17  3.245E+00  3.700E+02  4.713E+00  1.877E-02  1.371E+00
 2.76260E+01  223.29  8.96106E+17  3.246E+00  3.700E+02  5.082E+00  1.849E-02  1.334E+00
 2.47927E+01  223.96  8.01780E+17  3.245E+00  3.700E+02  5.456E+00  1.829E-02  1.299E+00
 2.21634E+01  224.51  7.15008E+17  3.238E+00  3.700E+02  5.798E+00  1.820E-02  1.263E+00
 1.97305E+01  225.05  6.34996E+17  3.240E+00  3.700E+02  6.163E+00  1.821E-02  1.229E+00
 1.74862E+01  225.60  5.61370E+17  3.235E+00  3.700E+02  6.528E+00  1.832E-02  1.194E+00
 1.54228E+01  226.12  4.93996E+17  3.228E+00  3.700E+02  6.830E+00  1.853E-02  1.158E+00
 1.35325E+01  226.61  4.32515E+17  3.225E+00  3.700E+02  7.095E+00  1.883E-02  1.121E+00
 1.18074E+01  227.12  3.76538E+17  3.222E+00  3.700E+02  7.374E+00  1.924E-02  1.081E+00
 1.02397E+01  227.28  3.26304E+17  3.201E+00  3.700E+02  7.521E+00  1.973E-02  1.038E+00
 8.82158E+00  227.16  2.81264E+17  3.187E+00  3.700E+02  7.611E+00  2.031E-02  9.890E-01
 7.54497E+00  227.09  2.40639E+17  3.153E+00  3.700E+02  7.645E+00  2.096E-02  9.307E-01
 6.40200E+00  227.53  2.03786E+17  3.117E+00  3.700E+02  7.550E+00  2.166E-02  8.619E-01
 5.38483E+00  228.13  1.70957E+17  3.083E+00  3.700E+02  7.428E+00  2.238E-02  7.904E-01
 4.48550E+00  228.71  1.42043E+17  3.042E+00  3.700E+02  7.085E+00  2.313E-02  7.259E-01
 3.69615E+00  229.29  1.16755E+17  3.002E+00  3.700E+02  6.571E+00  2.398E-02  6.623E-01
 3.00906E+00  229.88  9.48063E+16  2.960E+00  3.700E+02  6.041E+00  2.505E-02  5.814E-01
 2.41639E+00  230.51  7.59253E+16  2.914E+00  3.700E+02  5.486E+00  2.652E-02  4.938E-01
 1.91046E+00  232.11  5.96135E+16  2.879E+00  3.700E+02  4.932E+00  2.866E-02  4.309E-01
 1.48367E+00  234.53  4.58180E+16  2.848E+00  3.700E+02  4.360E+00  3.197E-02  3.875E-01
 1.12861E+00  237.76  3.43795E+16  2.833E+00  3.700E+02  3.777E+00  3.740E-02  3.412E-01
 8.37871E-01  241.23  2.51565E+16  2.865E+00  3.700E+02  3.160E+00  4.688E-02  2.864E-01
 6.04268E-01  244.79  1.78789E+16  2.951E+00  3.700E+02  2.481E+00  6.346E-02  2.353E-01
 4.20779E-01  245.44  1.24167E+16  3.027E+00  3.700E+02  1.854E+00  9.022E-02  2.054E-01
 2.80565E-01  244.23  8.32028E+15  3.112E+00  3.700E+02  1.300E+00  1.296E-01  1.941E-01
 1.77120E-01  241.68  5.30805E+15  3.197E+00  3.700E+02  9.943E-01  1.824E-01  1.895E-01
 1.04074E-01  238.62  3.15898E+15  3.298E+00  3.700E+02  7.107E-01  2.620E-01  1.826E-01
 5.54397E-02  234.64  1.71128E+15  3.413E+00  3.700E+02  4.740E-01  4.534E-01  1.684E-01
 2.56547E-02  224.89  8.26232E+14  3.451E+00  3.700E+02  4.171E-01  8.596E-01  1.594E-01
 9.49220E-03  210.35  3.26830E+14  3.197E+00  3.663E+02  3.969E-01  1.198E+00  1.517E-01
 4.46000E-03  197.25  1.63769E+14  1.795E+00  3.588E+02  3.605E-01  1.748E+00  1.444E-01
 1.84000E-03  190.24  7.00525E+13  9.689E-01  3.476E+02  3.242E-01  5.845E+00  1.339E-01
