! AIRS FTC regression profile 48 
! based on Mitch Goldberg's airs88sub profile 79 
! CO2 & O3 mixing ratios for dry air 
! top two layers are based on offset AFGL US STANDARD 
! This file last updated July 2000
'P' 102  5 
 1  2  3  5  6 
 -45.0  0.0 
 1.08539E+03  286.55  2.74338E+19  1.330E+04  3.700E+02  4.514E-02  8.556E-01  1.684E+00
 1.05651E+03  285.54  2.67986E+19  1.310E+04  3.700E+02  4.709E-02  8.636E-01  1.680E+00
 1.02802E+03  284.61  2.61612E+19  1.292E+04  3.700E+02  4.863E-02  8.689E-01  1.676E+00
 9.99942E+02  283.68  2.55295E+19  1.123E+04  3.700E+02  5.057E-02  8.713E-01  1.671E+00
 9.72265E+02  282.78  2.49025E+19  9.488E+03  3.700E+02  5.232E-02  8.710E-01  1.664E+00
 9.44993E+02  281.62  2.43039E+19  7.580E+03  3.700E+02  5.400E-02  8.680E-01  1.656E+00
 9.18130E+02  280.08  2.37422E+19  6.686E+03  3.700E+02  5.558E-02  8.622E-01  1.646E+00
 8.91678E+02  278.52  2.31880E+19  6.131E+03  3.700E+02  5.715E-02  8.538E-01  1.637E+00
 8.65640E+02  276.98  2.26360E+19  5.501E+03  3.700E+02  5.874E-02  8.429E-01  1.626E+00
 8.40016E+02  275.38  2.20934E+19  4.841E+03  3.700E+02  5.941E-02  8.296E-01  1.616E+00
 8.14807E+02  273.72  2.15603E+19  4.704E+03  3.700E+02  5.919E-02  8.140E-01  1.604E+00
 7.90016E+02  272.08  2.10298E+19  4.579E+03  3.700E+02  5.845E-02  7.964E-01  1.594E+00
 7.65645E+02  270.78  2.04794E+19  4.390E+03  3.700E+02  5.805E-02  7.770E-01  1.584E+00
 7.41694E+02  269.79  1.99117E+19  3.745E+03  3.700E+02  5.773E-02  7.560E-01  1.574E+00
 7.18163E+02  268.81  1.93497E+19  3.054E+03  3.700E+02  5.738E-02  7.336E-01  1.567E+00
 6.95054E+02  267.73  1.88032E+19  2.221E+03  3.700E+02  5.722E-02  7.101E-01  1.561E+00
 6.72367E+02  266.33  1.82845E+19  2.167E+03  3.700E+02  5.808E-02  6.857E-01  1.556E+00
 6.50103E+02  264.65  1.77913E+19  2.296E+03  3.700E+02  5.884E-02  6.606E-01  1.554E+00
 6.28264E+02  262.83  1.73132E+19  2.046E+03  3.700E+02  5.928E-02  6.351E-01  1.554E+00
 6.06847E+02  260.85  1.68499E+19  1.853E+03  3.700E+02  5.992E-02  6.094E-01  1.556E+00
 5.85854E+02  258.75  1.63987E+19  1.680E+03  3.700E+02  6.052E-02  5.838E-01  1.560E+00
 5.65284E+02  256.73  1.59473E+19  1.513E+03  3.700E+02  6.112E-02  5.584E-01  1.565E+00
 5.45139E+02  254.83  1.54937E+19  1.326E+03  3.700E+02  6.165E-02  5.335E-01  1.572E+00
 5.25416E+02  252.95  1.50445E+19  1.141E+03  3.700E+02  6.185E-02  5.092E-01  1.580E+00
 5.06114E+02  251.02  1.46028E+19  9.401E+02  3.700E+02  6.342E-02  4.857E-01  1.589E+00
 4.87235E+02  249.01  1.41719E+19  7.434E+02  3.700E+02  6.873E-02  4.632E-01  1.599E+00
 4.68777E+02  246.89  1.37519E+19  6.668E+02  3.700E+02  7.755E-02  4.417E-01  1.609E+00
 4.50738E+02  244.73  1.33396E+19  5.975E+02  3.700E+02  8.620E-02  4.215E-01  1.620E+00
 4.33118E+02  242.53  1.29342E+19  5.112E+02  3.700E+02  9.447E-02  4.025E-01  1.630E+00
 4.15914E+02  240.29  1.25365E+19  4.332E+02  3.700E+02  1.024E-01  3.848E-01  1.639E+00
 3.99125E+02  238.15  1.21384E+19  3.534E+02  3.700E+02  1.105E-01  3.688E-01  1.648E+00
 3.82751E+02  236.24  1.17343E+19  2.935E+02  3.700E+02  1.185E-01  3.543E-01  1.655E+00
 3.66789E+02  234.39  1.13339E+19  2.561E+02  3.700E+02  1.255E-01  3.412E-01  1.661E+00
 3.51236E+02  232.54  1.09399E+19  2.134E+02  3.700E+02  1.332E-01  3.290E-01  1.667E+00
 3.36091E+02  230.77  1.05485E+19  1.755E+02  3.700E+02  1.408E-01  3.174E-01  1.670E+00
 3.21351E+02  229.02  1.01628E+19  1.433E+02  3.700E+02  1.474E-01  3.055E-01  1.672E+00
 3.07015E+02  227.25  9.78480E+18  1.121E+02  3.700E+02  1.548E-01  2.930E-01  1.673E+00
 2.93078E+02  225.64  9.40727E+18  7.729E+01  3.700E+02  1.614E-01  2.794E-01  1.672E+00
 2.79537E+02  224.18  9.03134E+18  6.363E+01  3.700E+02  1.678E-01  2.644E-01  1.670E+00
 2.66392E+02  222.71  8.66351E+18  6.071E+01  3.700E+02  1.741E-01  2.475E-01  1.667E+00
 2.53637E+02  221.44  8.29598E+18  5.180E+01  3.700E+02  1.805E-01  2.285E-01  1.661E+00
 2.41270E+02  220.61  7.92110E+18  4.407E+01  3.700E+02  1.870E-01  2.072E-01  1.655E+00
 2.29287E+02  220.16  7.54289E+18  3.899E+01  3.700E+02  1.940E-01  1.845E-01  1.646E+00
 2.17685E+02  219.84  7.17162E+18  3.478E+01  3.700E+02  2.001E-01  1.616E-01  1.638E+00
 2.06459E+02  219.50  6.81237E+18  2.934E+01  3.700E+02  2.035E-01  1.395E-01  1.627E+00
 1.95606E+02  219.29  6.46056E+18  2.244E+01  3.700E+02  2.020E-01  1.192E-01  1.615E+00
 1.85122E+02  219.21  6.11653E+18  1.983E+01  3.700E+02  1.908E-01  1.017E-01  1.601E+00
 1.75001E+02  219.13  5.78415E+18  1.738E+01  3.700E+02  1.795E-01  8.724E-02  1.586E+00
 1.65241E+02  219.05  5.46350E+18  1.493E+01  3.700E+02  1.691E-01  7.573E-02  1.570E+00
 1.55836E+02  218.99  5.15414E+18  1.242E+01  3.700E+02  1.573E-01  6.688E-02  1.553E+00
 1.46780E+02  218.73  4.86041E+18  9.707E+00  3.700E+02  1.735E-01  6.039E-02  1.534E+00
 1.38072E+02  218.21  4.58293E+18  8.061E+00  3.700E+02  2.225E-01  5.586E-02  1.515E+00
 1.29703E+02  217.65  4.31604E+18  6.828E+00  3.700E+02  2.732E-01  5.269E-02  1.494E+00
 1.21669E+02  217.15  4.05805E+18  5.658E+00  3.700E+02  3.215E-01  5.045E-02  1.473E+00
 1.13965E+02  216.84  3.80654E+18  4.702E+00  3.700E+02  3.664E-01  4.877E-02  1.451E+00
 1.06586E+02  216.85  3.55998E+18  3.864E+00  3.700E+02  4.034E-01  4.733E-02  1.428E+00
 9.95256E+01  216.94  3.32280E+18  3.132E+00  3.700E+02  4.986E-01  4.583E-02  1.405E+00
 9.27780E+01  216.84  3.09886E+18  2.545E+00  3.700E+02  6.638E-01  4.411E-02  1.382E+00
 8.63375E+01  216.72  2.88544E+18  2.128E+00  3.700E+02  8.746E-01  4.212E-02  1.358E+00
 8.01979E+01  216.82  2.67901E+18  1.749E+00  3.700E+02  1.061E+00  3.986E-02  1.335E+00
 7.43533E+01  217.07  2.48087E+18  1.408E+00  3.700E+02  1.247E+00  3.745E-02  1.313E+00
 6.87970E+01  216.97  2.29651E+18  1.350E+00  3.700E+02  1.457E+00  3.502E-02  1.291E+00
 6.35228E+01  216.40  2.12607E+18  1.300E+00  3.700E+02  1.693E+00  3.270E-02  1.271E+00
 5.85241E+01  216.18  1.96074E+18  1.250E+00  3.700E+02  1.925E+00  3.061E-02  1.250E+00
 5.37942E+01  216.85  1.79673E+18  1.300E+00  3.700E+02  2.184E+00  2.881E-02  1.232E+00
 4.93262E+01  217.90  1.63956E+18  1.300E+00  3.700E+02  2.459E+00  2.733E-02  1.214E+00
 4.51132E+01  218.76  1.49360E+18  1.250E+00  3.700E+02  2.730E+00  2.617E-02  1.196E+00
 4.11484E+01  219.44  1.35811E+18  1.200E+00  3.700E+02  2.992E+00  2.528E-02  1.177E+00
 3.74246E+01  220.18  1.23109E+18  1.150E+00  3.700E+02  3.246E+00  2.457E-02  1.156E+00
 3.39345E+01  221.01  1.11206E+18  1.100E+00  3.700E+02  3.537E+00  2.394E-02  1.133E+00
 3.06707E+01  221.81  1.00148E+18  1.100E+00  3.700E+02  3.890E+00  2.332E-02  1.108E+00
 2.76260E+01  222.46  8.99439E+17  1.150E+00  3.700E+02  4.287E+00  2.267E-02  1.079E+00
 2.47927E+01  223.05  8.05072E+17  1.225E+00  3.700E+02  4.699E+00  2.200E-02  1.051E+00
 2.21634E+01  223.86  7.17059E+17  1.275E+00  3.700E+02  5.114E+00  2.131E-02  1.021E+00
 1.97305E+01  225.27  6.34352E+17  1.338E+00  3.700E+02  5.548E+00  2.065E-02  9.919E-01
 1.74862E+01  227.42  5.56898E+17  1.408E+00  3.700E+02  5.964E+00  2.007E-02  9.651E-01
 1.54228E+01  229.94  4.85800E+17  1.486E+00  3.700E+02  6.330E+00  1.960E-02  9.421E-01
 1.35325E+01  232.28  4.21960E+17  1.572E+00  3.700E+02  6.622E+00  1.925E-02  9.232E-01
 1.18074E+01  234.19  3.65167E+17  1.664E+00  3.700E+02  6.834E+00  1.901E-02  9.073E-01
 1.02397E+01  235.71  3.14634E+17  1.755E+00  3.700E+02  6.887E+00  1.887E-02  8.930E-01
 8.82158E+00  237.03  2.69555E+17  1.862E+00  3.700E+02  6.479E+00  1.883E-02  8.763E-01
 7.54497E+00  238.34  2.29275E+17  1.968E+00  3.700E+02  5.762E+00  1.888E-02  8.497E-01
 6.40200E+00  239.98  1.93215E+17  2.084E+00  3.700E+02  5.136E+00  1.904E-02  8.066E-01
 5.38483E+00  242.08  1.61105E+17  2.218E+00  3.700E+02  4.589E+00  1.933E-02  7.483E-01
 4.48550E+00  245.57  1.32292E+17  2.300E+00  3.700E+02  4.121E+00  1.980E-02  6.799E-01
 3.69615E+00  250.79  1.06744E+17  2.450E+00  3.700E+02  3.735E+00  2.049E-02  6.112E-01
 3.00906E+00  256.12  8.50919E+16  2.500E+00  3.700E+02  3.407E+00  2.147E-02  5.538E-01
 2.41639E+00  261.06  6.70384E+16  2.550E+00  3.700E+02  3.200E+00  2.288E-02  4.988E-01
 1.91046E+00  265.12  5.21919E+16  2.600E+00  3.700E+02  3.000E+00  2.489E-02  4.204E-01
 1.48367E+00  267.14  4.02256E+16  2.400E+00  3.700E+02  2.800E+00  2.776E-02  3.320E-01
 1.12861E+00  265.43  3.07966E+16  2.450E+00  3.700E+02  2.580E+00  3.178E-02  2.614E-01
 8.37871E-01  266.51  2.27704E+16  2.600E+00  3.700E+02  2.400E+00  3.718E-02  2.134E-01
 6.04268E-01  264.48  1.65480E+16  2.550E+00  3.700E+02  2.000E+00  4.557E-02  1.849E-01
 4.20779E-01  258.07  1.18091E+16  2.500E+00  3.700E+02  1.700E+00  6.228E-02  1.717E-01
 2.80565E-01  249.57  8.14218E+15  2.350E+00  3.700E+02  1.300E+00  8.872E-02  1.699E-01
 1.77120E-01  240.48  5.33460E+15  2.500E+00  3.700E+02  9.800E-01  1.199E-01  1.738E-01
 1.04074E-01  230.42  3.27129E+15  2.600E+00  3.700E+02  6.800E-01  1.687E-01  1.729E-01
 5.54397E-02  218.75  1.83559E+15  2.500E+00  3.700E+02  3.200E-01  2.987E-01  1.578E-01
 2.56547E-02  207.64  8.94872E+14  2.400E+00  3.700E+02  2.900E-01  6.377E-01  1.501E-01
 9.49220E-03  195.60  3.51480E+14  2.090E+00  3.663E+02  3.400E-01  1.192E+00  1.630E-01
 4.46000E-03  188.03  1.71800E+14  1.346E+00  3.588E+02  3.250E-01  1.779E+00  1.731E-01
 1.84000E-03  186.55  7.14375E+13  8.541E-01  3.476E+02  3.100E-01  3.381E+00  1.616E-01
