! AIRS FTC regression profile 45 
! based on Mitch Goldberg's airs88sub profile 8 
! CO2 & O3 mixing ratios for dry air 
! top two layers are based on offset AFGL US STANDARD 
! This file last updated July 2000
'P' 102  5 
 1  2  3  5  6 
 -42.227  0.0 
 1.08539E+03  299.14  2.62799E+19  1.782E+04  3.700E+02  2.464E-02  5.636E-01  1.918E+00
 1.05651E+03  297.65  2.57083E+19  1.680E+04  3.700E+02  2.473E-02  5.722E-01  1.945E+00
 1.02802E+03  296.16  2.51407E+19  1.562E+04  3.700E+02  2.462E-02  5.808E-01  1.969E+00
 9.99942E+02  294.66  2.45787E+19  1.456E+04  3.700E+02  2.471E-02  5.893E-01  1.992E+00
 9.72265E+02  293.14  2.40221E+19  1.342E+04  3.700E+02  2.471E-02  5.974E-01  2.012E+00
 9.44993E+02  291.56  2.34749E+19  1.226E+04  3.700E+02  2.470E-02  6.052E-01  2.029E+00
 9.18130E+02  289.91  2.29373E+19  1.113E+04  3.700E+02  2.469E-02  6.123E-01  2.044E+00
 8.91678E+02  288.28  2.24026E+19  9.955E+03  3.700E+02  2.469E-02  6.187E-01  2.056E+00
 8.65640E+02  286.61  2.18751E+19  8.730E+03  3.700E+02  2.466E-02  6.242E-01  2.067E+00
 8.40016E+02  285.49  2.13107E+19  7.496E+03  3.700E+02  2.516E-02  6.286E-01  2.074E+00
 8.14807E+02  285.06  2.07026E+19  6.424E+03  3.700E+02  2.638E-02  6.316E-01  2.081E+00
 7.90016E+02  284.60  2.01049E+19  5.291E+03  3.700E+02  2.745E-02  6.331E-01  2.085E+00
 7.65645E+02  283.68  1.95477E+19  4.278E+03  3.700E+02  2.854E-02  6.328E-01  2.087E+00
 7.41694E+02  282.32  1.90278E+19  4.021E+03  3.700E+02  2.958E-02  6.305E-01  2.088E+00
 7.18163E+02  280.94  1.85145E+19  3.897E+03  3.700E+02  3.059E-02  6.260E-01  2.087E+00
 6.95054E+02  279.27  1.80259E+19  3.587E+03  3.700E+02  3.168E-02  6.191E-01  2.085E+00
 6.72367E+02  277.11  1.75733E+19  3.980E+03  3.700E+02  3.329E-02  6.095E-01  2.081E+00
 6.50103E+02  274.86  1.71304E+19  4.466E+03  3.700E+02  3.482E-02  5.970E-01  2.076E+00
 6.28264E+02  272.68  1.66876E+19  4.694E+03  3.700E+02  3.617E-02  5.817E-01  2.071E+00
 6.06847E+02  270.63  1.62408E+19  4.775E+03  3.700E+02  3.765E-02  5.637E-01  2.064E+00
 5.85854E+02  268.69  1.57922E+19  4.181E+03  3.700E+02  3.912E-02  5.434E-01  2.056E+00
 5.65284E+02  266.69  1.53519E+19  3.485E+03  3.700E+02  4.055E-02  5.218E-01  2.049E+00
 5.45139E+02  264.61  1.49214E+19  3.056E+03  3.700E+02  4.187E-02  5.001E-01  2.039E+00
 5.25416E+02  262.49  1.44976E+19  2.767E+03  3.700E+02  4.299E-02  4.792E-01  2.030E+00
 5.06114E+02  260.32  1.40814E+19  2.464E+03  3.700E+02  4.487E-02  4.597E-01  2.019E+00
 4.87235E+02  257.97  1.36798E+19  2.155E+03  3.700E+02  4.883E-02  4.416E-01  2.008E+00
 4.68777E+02  255.46  1.32905E+19  1.911E+03  3.700E+02  5.479E-02  4.253E-01  1.996E+00
 4.50738E+02  252.95  1.29062E+19  1.644E+03  3.700E+02  6.058E-02  4.102E-01  1.984E+00
 4.33118E+02  250.45  1.25253E+19  1.369E+03  3.700E+02  6.617E-02  3.957E-01  1.972E+00
 4.15914E+02  248.06  1.21437E+19  1.101E+03  3.700E+02  7.152E-02  3.814E-01  1.959E+00
 3.99125E+02  245.90  1.17557E+19  7.695E+02  3.700E+02  7.705E-02  3.673E-01  1.947E+00
 3.82751E+02  243.97  1.13627E+19  5.544E+02  3.700E+02  8.252E-02  3.530E-01  1.934E+00
 3.66789E+02  242.07  1.09745E+19  5.055E+02  3.700E+02  8.729E-02  3.384E-01  1.923E+00
 3.51236E+02  240.04  1.05978E+19  4.138E+02  3.700E+02  9.250E-02  3.236E-01  1.912E+00
 3.36091E+02  237.86  1.02337E+19  3.407E+02  3.700E+02  9.763E-02  3.083E-01  1.903E+00
 3.21351E+02  235.56  9.88061E+18  2.870E+02  3.700E+02  1.016E-01  2.925E-01  1.894E+00
 3.07015E+02  233.20  9.53517E+18  2.373E+02  3.700E+02  1.067E-01  2.760E-01  1.887E+00
 2.93078E+02  230.84  9.19559E+18  1.820E+02  3.700E+02  1.134E-01  2.591E-01  1.882E+00
 2.79537E+02  228.45  8.86248E+18  1.551E+02  3.700E+02  1.220E-01  2.418E-01  1.878E+00
 2.66392E+02  226.02  8.53649E+18  1.425E+02  3.700E+02  1.310E-01  2.238E-01  1.875E+00
 2.53637E+02  223.59  8.21615E+18  1.218E+02  3.700E+02  1.392E-01  2.051E-01  1.874E+00
 2.41270E+02  221.25  7.89810E+18  1.035E+02  3.700E+02  1.476E-01  1.852E-01  1.874E+00
 2.29287E+02  218.99  7.58338E+18  9.043E+01  3.700E+02  1.556E-01  1.644E-01  1.875E+00
 2.17685E+02  216.49  7.28262E+18  7.985E+01  3.700E+02  1.604E-01  1.425E-01  1.876E+00
 2.06459E+02  214.02  6.98672E+18  6.677E+01  3.700E+02  1.676E-01  1.203E-01  1.878E+00
 1.95606E+02  212.73  6.65971E+18  5.079E+01  3.700E+02  1.843E-01  9.989E-02  1.880E+00
 1.85122E+02  212.42  6.31190E+18  4.483E+01  3.700E+02  2.151E-01  8.371E-02  1.882E+00
 1.75001E+02  212.15  5.97438E+18  3.926E+01  3.700E+02  2.449E-01  7.281E-02  1.883E+00
 1.65241E+02  211.88  5.64850E+18  3.369E+01  3.700E+02  2.744E-01  6.662E-02  1.883E+00
 1.55836E+02  211.58  5.33455E+18  2.800E+01  3.700E+02  3.011E-01  6.346E-02  1.880E+00
 1.46780E+02  211.52  5.02594E+18  2.190E+01  3.700E+02  3.475E-01  6.209E-02  1.877E+00
 1.38072E+02  211.65  4.72480E+18  1.824E+01  3.700E+02  4.189E-01  6.149E-02  1.870E+00
 1.29703E+02  211.41  4.44358E+18  1.547E+01  3.700E+02  4.884E-01  6.059E-02  1.860E+00
 1.21669E+02  210.80  4.18035E+18  1.282E+01  3.700E+02  5.531E-01  5.832E-02  1.848E+00
 1.13965E+02  210.18  3.92730E+18  1.063E+01  3.700E+02  6.150E-01  5.424E-02  1.829E+00
 1.06586E+02  209.58  3.68336E+18  8.715E+00  3.700E+02  6.738E-01  4.903E-02  1.805E+00
 9.95256E+01  209.38  3.44276E+18  7.054E+00  3.700E+02  7.353E-01  4.340E-02  1.776E+00
 9.27780E+01  210.01  3.19970E+18  5.750E+00  3.700E+02  8.091E-01  3.808E-02  1.740E+00
 8.63375E+01  211.05  2.96294E+18  4.835E+00  3.700E+02  8.901E-01  3.365E-02  1.694E+00
 8.01979E+01  212.23  2.73692E+18  3.995E+00  3.700E+02  9.251E-01  3.044E-02  1.641E+00
 7.43533E+01  213.61  2.52102E+18  3.233E+00  3.700E+02  1.018E+00  2.823E-02  1.582E+00
 6.87970E+01  214.41  2.32396E+18  2.549E+00  3.700E+02  1.306E+00  2.674E-02  1.517E+00
 6.35228E+01  214.23  2.14760E+18  2.300E+00  3.700E+02  1.765E+00  2.578E-02  1.451E+00
 5.85241E+01  214.24  1.97850E+18  2.045E+00  3.700E+02  2.340E+00  2.526E-02  1.385E+00
 5.37942E+01  215.26  1.80999E+18  2.107E+00  3.700E+02  2.929E+00  2.511E-02  1.326E+00
 4.93262E+01  216.62  1.64921E+18  2.171E+00  3.700E+02  3.421E+00  2.524E-02  1.272E+00
 4.51132E+01  217.57  1.50176E+18  2.231E+00  3.700E+02  3.841E+00  2.551E-02  1.225E+00
 4.11484E+01  218.18  1.36599E+18  2.295E+00  3.700E+02  4.234E+00  2.584E-02  1.185E+00
 3.74246E+01  218.83  1.23868E+18  2.359E+00  3.700E+02  4.590E+00  2.619E-02  1.150E+00
 3.39345E+01  219.64  1.11899E+18  2.427E+00  3.700E+02  4.929E+00  2.650E-02  1.120E+00
 3.06707E+01  220.44  1.00770E+18  2.504E+00  3.700E+02  5.253E+00  2.673E-02  1.094E+00
 2.76260E+01  221.06  9.05143E+17  2.582E+00  3.700E+02  5.557E+00  2.691E-02  1.069E+00
 2.47927E+01  221.52  8.10603E+17  2.662E+00  3.700E+02  5.892E+00  2.708E-02  1.047E+00
 2.21634E+01  222.08  7.22815E+17  2.744E+00  3.700E+02  6.275E+00  2.731E-02  1.025E+00
 1.97305E+01  223.03  6.40739E+17  2.844E+00  3.700E+02  6.752E+00  2.764E-02  1.003E+00
 1.74862E+01  224.45  5.64266E+17  2.950E+00  3.700E+02  7.202E+00  2.814E-02  9.813E-01
 1.54228E+01  225.94  4.94392E+17  3.064E+00  3.700E+02  7.493E+00  2.889E-02  9.587E-01
 1.35325E+01  227.00  4.31765E+17  3.182E+00  3.700E+02  7.579E+00  2.998E-02  9.352E-01
 1.18074E+01  227.71  3.75562E+17  3.305E+00  3.700E+02  7.475E+00  3.154E-02  9.108E-01
 1.02397E+01  228.70  3.24283E+17  3.425E+00  3.700E+02  7.094E+00  3.362E-02  8.856E-01
 8.82158E+00  230.35  2.77369E+17  3.576E+00  3.700E+02  6.487E+00  3.614E-02  8.594E-01
 7.54497E+00  232.35  2.35187E+17  3.718E+00  3.700E+02  5.827E+00  3.898E-02  8.322E-01
 6.40200E+00  235.22  1.97123E+17  3.873E+00  3.700E+02  5.245E+00  4.197E-02  8.039E-01
 5.38483E+00  239.09  1.63121E+17  4.052E+00  3.700E+02  4.749E+00  4.492E-02  7.733E-01
 4.48550E+00  242.16  1.34157E+17  4.216E+00  3.700E+02  4.281E+00  4.773E-02  7.380E-01
 3.69615E+00  244.75  1.09380E+17  4.379E+00  3.700E+02  3.862E+00  5.056E-02  6.869E-01
 3.00906E+00  248.38  8.77433E+16  4.562E+00  3.700E+02  3.522E+00  5.366E-02  6.020E-01
 2.41639E+00  252.59  6.92884E+16  4.745E+00  3.700E+02  3.213E+00  5.741E-02  4.918E-01
 1.91046E+00  256.51  5.39443E+16  4.912E+00  3.700E+02  2.871E+00  6.243E-02  3.855E-01
 1.48367E+00  259.48  4.14124E+16  5.029E+00  3.700E+02  2.800E+00  6.997E-02  2.952E-01
 1.12861E+00  260.58  3.13692E+16  5.077E+00  3.700E+02  2.755E+00  8.238E-02  2.258E-01
 8.37871E-01  264.77  2.29199E+16  5.179E+00  3.700E+02  2.680E+00  1.025E-01  1.878E-01
 6.04268E-01  263.27  1.66237E+16  5.115E+00  3.700E+02  2.444E+00  1.329E-01  1.752E-01
 4.20779E-01  256.23  1.18940E+16  5.003E+00  3.700E+02  1.784E+00  1.726E-01  1.723E-01
 2.80565E-01  248.52  8.17669E+15  4.824E+00  3.700E+02  1.294E+00  2.211E-01  1.704E-01
 1.77120E-01  238.79  5.37226E+15  4.520E+00  3.700E+02  9.853E-01  2.821E-01  1.664E-01
 1.04074E-01  228.62  3.29710E+15  4.086E+00  3.700E+02  6.592E-01  3.797E-01  1.652E-01
 5.54397E-02  217.31  1.84773E+15  3.517E+00  3.700E+02  3.603E-01  5.845E-01  1.663E-01
 2.56547E-02  205.68  9.03392E+14  2.844E+00  3.700E+02  2.541E-01  1.022E+00  1.681E-01
 9.49220E-03  195.00  3.52564E+14  2.008E+00  3.663E+02  3.166E-01  1.976E+00  1.688E-01
 4.46000E-03  187.65  1.72144E+14  1.313E+00  3.588E+02  3.104E-01  3.527E+00  1.682E-01
 1.84000E-03  186.40  7.14951E+13  8.456E-01  3.476E+02  3.041E-01  8.890E+00  1.678E-01
