! MODEL 4 : SUBARCTIC SUMMER 
! CO2 mixing ratio is AFGL value scaled by 370/330
! CH4 mixing ratio is AFGL value scaled by 1.8/1.7
! 
! This file last updated July 2000
'P'  50  5 
 1  2  3  5  6 
 60.0  0.0 
 1.01000E+03  287.20  2.54900E+19  1.194E+04  3.700E+02  2.412E-02  1.985E-01  1.800E+00
 8.96000E+02  281.70  2.30500E+19  8.701E+03  3.700E+02  2.940E-02  8.789E-02  1.800E+00
 7.92900E+02  276.30  2.08000E+19  6.750E+03  3.700E+02  3.379E-02  7.643E-02  1.800E+00
 7.00000E+02  270.90  1.87300E+19  4.820E+03  3.700E+02  3.887E-02  1.355E-01  1.800E+00
 6.16000E+02  265.50  1.68200E+19  3.380E+03  3.700E+02  4.478E-02  1.241E-01  1.797E+00
 5.41000E+02  260.10  1.50800E+19  2.218E+03  3.700E+02  5.328E-02  1.150E-01  1.786E+00
 4.74000E+02  253.10  1.35700E+19  1.330E+03  3.700E+02  6.564E-02  1.117E-01  1.770E+00
 4.13000E+02  246.10  1.21600E+19  7.971E+02  3.700E+02  7.738E-02  1.142E-01  1.746E+00
 3.59000E+02  239.20  1.08800E+19  3.996E+02  3.700E+02  9.114E-02  1.068E-01  1.725E+00
 3.10800E+02  232.20  9.70100E+18  1.300E+02  3.700E+02  1.420E-01  9.527E-02  1.710E+00
 2.67700E+02  225.20  8.61600E+18  4.240E+01  3.700E+02  1.890E-01  9.239E-02  1.672E+00
 2.30000E+02  225.20  7.40200E+18  1.330E+01  3.700E+02  3.050E-01  8.040E-02  1.633E+00
 1.97700E+02  225.20  6.36300E+18  6.000E+00  3.700E+02  4.100E-01  7.100E-02  1.595E+00
 1.70000E+02  225.20  5.47100E+18  4.450E+00  3.700E+02  5.000E-01  6.384E-02  1.558E+00
 1.46000E+02  225.20  4.69900E+18  4.000E+00  3.700E+02  6.000E-01  6.191E-02  1.518E+00
 1.26000E+02  225.20  4.05500E+18  4.000E+00  3.700E+02  7.000E-01  5.749E-02  1.471E+00
 1.08000E+02  225.20  3.47600E+18  4.000E+00  3.700E+02  8.500E-01  4.102E-02  1.421E+00
 9.28000E+01  225.20  2.98700E+18  4.050E+00  3.700E+02  1.000E+00  3.354E-02  1.366E+00
 7.98000E+01  225.20  2.56800E+18  4.300E+00  3.700E+02  1.300E+00  2.029E-02  1.302E+00
 6.86000E+01  225.20  2.20800E+18  4.500E+00  3.700E+02  1.700E+00  1.904E-02  1.225E+00
 5.90000E+01  225.20  1.89900E+18  4.600E+00  3.700E+02  2.100E+00  1.697E-02  1.135E+00
 5.07000E+01  225.20  1.63200E+18  4.700E+00  3.700E+02  2.700E+00  1.648E-02  1.049E+00
 4.36000E+01  225.20  1.40300E+18  4.800E+00  3.700E+02  3.300E+00  1.498E-02  9.709E-01
 3.75000E+01  225.20  1.20700E+18  4.830E+00  3.700E+02  3.700E+00  1.805E-02  9.078E-01
 3.22800E+01  226.60  1.03300E+18  4.850E+00  3.700E+02  4.200E+00  1.576E-02  8.484E-01
 2.78000E+01  228.10  8.83400E+17  4.900E+00  3.700E+02  4.500E+00  1.786E-02  7.917E-01
 1.92300E+01  231.00  6.03400E+17  4.950E+00  3.700E+02  5.300E+00  1.864E-02  7.365E-01
 1.34000E+01  235.10  4.13100E+17  5.000E+00  3.700E+02  5.700E+00  1.897E-02  6.821E-01
 9.40000E+00  240.00  2.83900E+17  5.000E+00  3.700E+02  6.900E+00  2.342E-02  6.234E-01
 6.61000E+00  247.20  1.93800E+17  5.000E+00  3.700E+02  7.700E+00  2.494E-02  5.548E-01
 4.72000E+00  254.60  1.34400E+17  5.000E+00  3.700E+02  7.800E+00  2.481E-02  4.771E-01
 3.40000E+00  262.10  9.40200E+16  5.000E+00  3.700E+02  7.000E+00  2.578E-02  3.926E-01
 2.48000E+00  269.50  6.67000E+16  5.000E+00  3.700E+02  5.400E+00  3.407E-02  3.168E-01
 1.82000E+00  273.60  4.82100E+16  5.000E+00  3.700E+02  4.200E+00  3.726E-02  2.589E-01
 1.34000E+00  276.20  3.51600E+16  5.000E+00  3.700E+02  3.200E+00  3.470E-02  2.118E-01
 9.87000E-01  277.20  2.58100E+16  4.950E+00  3.700E+02  2.500E+00  4.881E-02  1.758E-01
 5.37000E-01  274.00  1.42100E+16  4.850E+00  3.700E+02  1.700E+00  6.921E-02  1.588E-01
 2.88000E-01  262.70  7.94600E+15  4.500E+00  3.700E+02  1.200E+00  1.028E-01  1.588E-01
 1.47000E-01  239.70  4.44500E+15  4.000E+00  3.700E+02  8.000E-01  2.160E-01  1.588E-01
 7.10000E-02  216.60  2.37600E+15  3.300E+00  3.700E+02  4.000E-01  2.987E-01  1.588E-01
 3.20000E-02  193.60  1.19800E+15  2.700E+00  3.700E+02  2.000E-01  6.379E-01  1.588E-01
 1.25000E-02  170.60  5.31100E+14  2.000E+00  3.678E+02  1.800E-01  1.700E+00  1.588E-01
 4.51000E-03  161.70  2.02200E+14  1.330E+00  3.588E+02  6.500E-01  4.104E+00  1.588E-01
 1.61000E-03  161.60  7.22100E+13  8.500E-01  3.476E+02  9.000E-01  6.486E+00  1.482E-01
 6.06000E-04  176.80  2.48400E+13  5.400E-01  3.027E+02  8.000E-01  1.130E+01  1.376E-01
 2.48000E-04  190.40  9.44100E+12  4.000E-01  2.186E+02  4.000E-01  1.908E+01  1.271E-01
 1.13000E-04  226.00  3.62400E+12  3.400E-01  1.233E+02  2.000E-01  2.737E+01  1.165E-01
 6.00000E-05  270.10  1.61000E+12  2.800E-01  6.727E+01  5.000E-02  3.424E+01  1.006E-01
 3.54000E-05  322.70  7.95100E+11  2.400E-01  4.485E+01  5.000E-03  3.938E+01  6.353E-02
 2.26000E-05  380.00  4.31100E+11  2.000E-01  3.924E+01  5.000E-04  5.917E+01  3.176E-02
