! AIRS FTC regression profile 42 
! fake profiles 
! O3 (7 < P < 673) based on NOAA sonde South Pole 17 Sep 2001 as804
! top two layers are based on offset AFGL US STANDARD 
! This file last updated February 2002 (ozone only; otherwise July 2000)
'P' 102  5 
 1  2  3  5  6 
 40.0  0.0 
 1.08539E+03  285.01  2.75820E+19  1.319E+03  3.700E+02  2.100E-02  1.033E-01  1.716E+00
 1.05651E+03  285.46  2.68061E+19  1.429E+03  3.700E+02  2.200E-02  1.028E-01  1.715E+00
 1.02802E+03  285.17  2.61096E+19  1.589E+03  3.700E+02  2.300E-02  1.023E-01  1.715E+00
 9.99942E+02  284.25  2.54789E+19  1.836E+03  3.700E+02  2.350E-02  1.017E-01  1.716E+00
 9.72265E+02  282.78  2.49021E+19  2.162E+03  3.700E+02  2.400E-02  1.012E-01  1.717E+00
 9.44993E+02  280.87  2.43687E+19  2.589E+03  3.700E+02  2.450E-02  1.007E-01  1.720E+00
 9.18130E+02  278.61  2.38678E+19  3.135E+03  3.700E+02  2.450E-02  1.002E-01  1.722E+00
 8.91678E+02  276.19  2.33830E+19  3.815E+03  3.700E+02  2.500E-02  9.986E-02  1.725E+00
 8.65640E+02  273.82  2.28970E+19  4.638E+03  3.700E+02  2.500E-02  9.951E-02  1.728E+00
 8.40016E+02  271.69  2.23931E+19  5.100E+03  3.700E+02  2.500E-02  9.925E-02  1.732E+00
 8.14807E+02  270.02  2.18560E+19  5.570E+03  3.700E+02  2.550E-02  9.911E-02  1.736E+00
 7.90016E+02  268.92  2.12770E+19  5.570E+03  3.700E+02  2.550E-02  9.909E-02  1.740E+00
 7.65645E+02  268.17  2.06790E+19  5.440E+03  3.700E+02  2.600E-02  9.923E-02  1.744E+00
 7.41694E+02  267.35  2.00929E+19  5.100E+03  3.700E+02  2.600E-02  9.955E-02  1.748E+00
 7.18163E+02  266.10  1.95470E+19  4.930E+03  3.700E+02  2.600E-02  1.000E-01  1.751E+00
 6.95054E+02  264.02  1.90669E+19  4.290E+03  3.700E+02  2.650E-02  1.008E-01  1.754E+00
 6.72367E+02  260.94  1.86626E+19  3.190E+03  3.700E+02  2.700E-02  1.019E-01  1.758E+00
 6.50103E+02  257.40  1.82925E+19  2.320E+03  3.700E+02  3.200E-02  1.033E-01  1.760E+00
 6.28264E+02  254.13  1.79059E+19  1.944E+03  3.700E+02  3.300E-02  1.050E-01  1.761E+00
 6.06847E+02  251.53  1.74741E+19  1.566E+03  3.700E+02  3.350E-02  1.072E-01  1.762E+00
 5.85854E+02  249.38  1.70150E+19  1.212E+03  3.700E+02  3.400E-02  1.099E-01  1.762E+00
 5.65284E+02  247.37  1.65509E+19  8.358E+02  3.700E+02  3.500E-02  1.131E-01  1.760E+00
 5.45139E+02  245.23  1.61003E+19  5.065E+02  3.700E+02  3.600E-02  1.166E-01  1.758E+00
 5.25416E+02  243.01  1.56594E+19  2.993E+02  3.700E+02  3.650E-02  1.202E-01  1.753E+00
 5.06114E+02  240.92  1.52153E+19  2.218E+02  3.700E+02  3.700E-02  1.235E-01  1.748E+00
 4.87235E+02  239.15  1.47560E+19  2.044E+02  3.700E+02  3.650E-02  1.263E-01  1.742E+00
 4.68777E+02  237.85  1.42744E+19  2.186E+02  3.700E+02  3.650E-02  1.282E-01  1.734E+00
 4.50738E+02  236.85  1.37831E+19  2.495E+02  3.700E+02  3.600E-02  1.289E-01  1.726E+00
 4.33118E+02  235.89  1.32985E+19  2.842E+02  3.700E+02  3.600E-02  1.285E-01  1.716E+00
 4.15914E+02  234.69  1.28353E+19  3.094E+02  3.700E+02  3.600E-02  1.269E-01  1.706E+00
 3.99125E+02  233.12  1.24004E+19  3.180E+02  3.700E+02  3.550E-02  1.243E-01  1.694E+00
 3.82751E+02  231.35  1.19828E+19  3.019E+02  3.700E+02  3.500E-02  1.207E-01  1.681E+00
 3.66789E+02  229.62  1.15695E+19  2.587E+02  3.700E+02  3.400E-02  1.162E-01  1.669E+00
 3.51236E+02  228.16  1.11496E+19  1.999E+02  3.700E+02  3.350E-02  1.110E-01  1.654E+00
 3.36091E+02  227.00  1.07234E+19  1.407E+02  3.700E+02  3.300E-02  1.053E-01  1.640E+00
 3.21351E+02  226.03  1.02972E+19  9.221E+01  3.700E+02  3.300E-02  9.918E-02  1.625E+00
 3.07015E+02  225.14  9.87661E+18  5.967E+01  3.700E+02  3.400E-02  9.280E-02  1.609E+00
 2.93078E+02  224.23  9.46666E+18  3.987E+01  3.700E+02  3.800E-02  8.634E-02  1.594E+00
 2.79537E+02  223.18  9.07165E+18  2.820E+01  3.700E+02  3.850E-02  7.993E-02  1.579E+00
 2.66392E+02  221.90  8.69511E+18  2.139E+01  3.700E+02  3.900E-02  7.371E-02  1.563E+00
 2.53637E+02  220.35  8.33670E+18  1.762E+01  3.700E+02  4.000E-02  6.774E-02  1.547E+00
 2.41270E+02  218.65  7.99201E+18  1.586E+01  3.700E+02  5.300E-02  6.213E-02  1.531E+00
 2.29287E+02  216.89  7.65686E+18  1.529E+01  3.700E+02  8.500E-02  5.691E-02  1.516E+00
 2.17685E+02  215.16  7.32758E+18  1.533E+01  3.700E+02  1.050E-01  5.216E-02  1.501E+00
 2.06459E+02  213.59  7.00108E+18  1.571E+01  3.700E+02  1.300E-01  4.789E-02  1.488E+00
 1.95606E+02  212.25  6.67474E+18  1.623E+01  3.700E+02  1.800E-01  4.411E-02  1.475E+00
 1.85122E+02  211.24  6.34717E+18  1.665E+01  3.700E+02  1.900E-01  4.082E-02  1.463E+00
 1.75001E+02  210.53  6.02057E+18  1.683E+01  3.700E+02  2.000E-01  3.799E-02  1.453E+00
 1.65241E+02  210.04  5.69788E+18  1.678E+01  3.700E+02  2.600E-01  3.558E-02  1.444E+00
 1.55836E+02  209.73  5.38166E+18  1.628E+01  3.700E+02  2.800E-01  3.349E-02  1.436E+00
 1.46780E+02  209.52  5.07402E+18  1.527E+01  3.700E+02  3.000E-01  3.166E-02  1.429E+00
 1.38072E+02  209.35  4.77671E+18  1.393E+01  3.700E+02  3.200E-01  3.000E-02  1.423E+00
 1.29703E+02  209.21  4.49021E+18  1.228E+01  3.700E+02  3.600E-01  2.847E-02  1.418E+00
 1.21669E+02  209.09  4.21447E+18  1.065E+01  3.700E+02  4.000E-01  2.701E-02  1.412E+00
 1.13965E+02  209.00  3.94945E+18  9.123E+00  3.700E+02  3.800E-01  2.558E-02  1.407E+00
 1.06586E+02  208.92  3.69505E+18  7.805E+00  3.700E+02  3.400E-01  2.414E-02  1.402E+00
 9.95256E+01  208.87  3.45120E+18  6.724E+00  3.700E+02  3.100E-01  2.266E-02  1.397E+00
 9.27780E+01  208.83  3.21775E+18  5.833E+00  3.700E+02  1.700E-01  2.116E-02  1.389E+00
 8.63375E+01  208.82  2.99458E+18  5.081E+00  3.700E+02  8.000E-02  1.968E-02  1.381E+00
 8.01979E+01  208.82  2.78154E+18  4.397E+00  3.700E+02  3.000E-02  1.827E-02  1.369E+00
 7.43533E+01  208.85  2.57851E+18  3.790E+00  3.700E+02  3.000E-02  1.695E-02  1.356E+00
 6.87970E+01  208.90  2.38529E+18  3.195E+00  3.700E+02  3.000E-02  1.574E-02  1.343E+00
 6.35228E+01  208.96  2.20173E+18  2.676E+00  3.700E+02  1.300E-01  1.468E-02  1.326E+00
 5.85241E+01  209.05  2.02764E+18  2.270E+00  3.700E+02  1.700E-01  1.377E-02  1.309E+00
 5.37942E+01  209.16  1.86282E+18  2.042E+00  3.700E+02  4.000E-01  1.304E-02  1.290E+00
 4.93262E+01  209.28  1.70705E+18  1.950E+00  3.700E+02  5.000E-01  1.249E-02  1.272E+00
 4.51132E+01  209.45  1.56002E+18  1.950E+00  3.700E+02  5.200E-01  1.210E-02  1.253E+00
 4.11484E+01  209.67  1.42143E+18  2.023E+00  3.700E+02  5.700E-01  1.186E-02  1.234E+00
 3.74246E+01  209.96  1.29101E+18  2.141E+00  3.700E+02  7.600E-01  1.179E-02  1.217E+00
 3.39345E+01  210.34  1.16849E+18  2.285E+00  3.700E+02  9.500E-01  1.186E-02  1.200E+00
 3.06707E+01  210.83  1.05367E+18  2.453E+00  3.700E+02  1.100E+00  1.210E-02  1.185E+00
 2.76260E+01  211.44  9.46319E+17  2.638E+00  3.700E+02  1.200E+00  1.250E-02  1.168E+00
 2.47927E+01  212.19  8.46248E+17  2.839E+00  3.700E+02  1.650E+00  1.309E-02  1.148E+00
 2.21634E+01  213.11  7.53259E+17  3.050E+00  3.700E+02  2.350E+00  1.388E-02  1.122E+00
 1.97305E+01  214.20  6.67158E+17  3.282E+00  3.700E+02  3.100E+00  1.486E-02  1.088E+00
 1.74862E+01  215.48  5.87744E+17  3.511E+00  3.700E+02  3.500E+00  1.601E-02  1.040E+00
 1.54228E+01  216.98  5.14815E+17  3.730E+00  3.700E+02  3.400E+00  1.729E-02  9.740E-01
 1.35325E+01  218.70  4.48153E+17  3.933E+00  3.700E+02  3.500E+00  1.861E-02  8.936E-01
 1.18074E+01  220.67  3.87537E+17  4.099E+00  3.700E+02  3.600E+00  1.984E-02  8.081E-01
 1.02397E+01  222.85  3.32793E+17  4.194E+00  3.700E+02  3.600E+00  2.086E-02  7.257E-01
 8.82158E+00  225.18  2.83737E+17  4.252E+00  3.700E+02  3.650E+00  2.167E-02  6.527E-01
 7.54497E+00  227.60  2.40100E+17  4.243E+00  3.700E+02  3.550E+00  2.226E-02  5.926E-01
 6.40200E+00  230.04  2.01569E+17  4.199E+00  3.700E+02  3.000E+00  2.271E-02  5.479E-01
 5.38483E+00  232.43  1.67796E+17  4.147E+00  3.700E+02  2.800E+00  2.313E-02  5.135E-01
 4.48550E+00  234.72  1.38409E+17  4.093E+00  3.700E+02  2.500E+00  2.368E-02  4.820E-01
 3.69615E+00  236.83  1.13034E+17  4.063E+00  3.700E+02  2.300E+00  2.459E-02  4.482E-01
 3.00906E+00  238.70  9.13007E+16  4.044E+00  3.700E+02  2.200E+00  2.627E-02  4.090E-01
 2.41639E+00  240.26  7.28438E+16  4.017E+00  3.700E+02  2.100E+00  2.941E-02  3.659E-01
 1.91046E+00  241.42  5.73143E+16  3.971E+00  3.700E+02  2.000E+00  3.469E-02  3.251E-01
 1.48367E+00  242.13  4.43808E+16  3.890E+00  3.700E+02  1.900E+00  4.264E-02  2.900E-01
 1.12861E+00  242.27  3.37407E+16  3.780E+00  3.700E+02  1.700E+00  5.281E-02  2.618E-01
 8.37871E-01  241.62  2.51159E+16  3.680E+00  3.700E+02  1.550E+00  6.201E-02  2.395E-01
 6.04268E-01  239.94  1.82400E+16  3.593E+00  3.700E+02  1.300E+00  6.530E-02  2.220E-01
 4.20779E-01  236.94  1.28626E+16  3.470E+00  3.700E+02  1.100E+00  6.189E-02  2.085E-01
 2.80565E-01  232.28  8.74841E+15  3.325E+00  3.700E+02  8.350E-01  6.225E-02  1.969E-01
 1.77120E-01  226.24  5.67020E+15  3.159E+00  3.700E+02  5.850E-01  8.505E-02  1.851E-01
 1.04074E-01  220.21  3.42297E+15  3.011E+00  3.700E+02  3.100E-01  1.828E-01  1.743E-01
 5.54397E-02  213.26  1.88281E+15  2.920E+00  3.700E+02  1.650E-01  5.116E-01  1.759E-01
 2.56547E-02  199.50  9.31400E+14  2.853E+00  3.700E+02  1.150E-01  1.016E+00  1.757E-01
 9.49220E-03  177.32  3.87717E+14  2.670E+00  3.663E+02  1.800E-01  1.185E+00  1.528E-01
 4.46000E-03  176.60  1.82915E+14  1.581E+00  3.588E+02  2.250E-01  1.371E+00  1.397E-01
 1.84000E-03  181.98  7.32316E+13  9.142E-01  3.476E+02  2.700E-01  3.342E+00  1.532E-01
