! Profile #6, Thi=667, Tlo=tweaked T for H2O max, O3= max fake  
! The T data below 1 mb is fake.  
! Fake profiles below 1000 mb for O3 and H2O 
! 
! This file last updated July 2000
'P'  43  5 
 1  2  3  5  6 
 45.0 0.0  
 1.00000E+03  308.00  2.35200E+19  4.600E+04  3.700E+02  6.600E-02  1.107E-01  1.508E+00
 9.50000E+02  303.00  2.27100E+19  3.800E+04  3.700E+02  6.700E-02  1.097E-01  1.508E+00
 9.20000E+02  298.00  2.23600E+19  3.300E+04  3.700E+02  6.900E-02  1.094E-01  1.508E+00
 8.50000E+02  292.16  2.10700E+19  2.500E+04  3.700E+02  7.200E-02  1.094E-01  1.508E+00
 7.80000E+02  286.00  1.97500E+19  1.800E+04  3.700E+02  7.500E-02  1.102E-01  1.507E+00
 7.00000E+02  283.00  1.79100E+19  1.600E+04  3.700E+02  7.800E-02  1.118E-01  1.507E+00
 6.70000E+02  281.00  1.72700E+19  1.500E+04  3.700E+02  9.000E-02  1.125E-01  1.506E+00
 6.20000E+02  277.00  1.62100E+19  1.250E+04  3.700E+02  1.000E-01  1.134E-01  1.505E+00
 5.70000E+02  272.00  1.51800E+19  9.750E+03  3.700E+02  1.100E-01  1.137E-01  1.504E+00
 5.00000E+02  266.00  1.36100E+19  7.100E+03  3.700E+02  1.300E-01  1.116E-01  1.500E+00
 4.75000E+02  265.00  1.29800E+19  6.500E+03  3.700E+02  1.700E-01  1.100E-01  1.499E+00
 4.30000E+02  261.00  1.19300E+19  4.800E+03  3.700E+02  2.100E-01  1.061E-01  1.496E+00
 4.00000E+02  258.00  1.12300E+19  4.000E+03  3.700E+02  2.600E-01  1.031E-01  1.493E+00
 3.50000E+02  250.00  1.01400E+19  2.200E+03  3.700E+02  3.800E-01  9.867E-02  1.488E+00
 3.00000E+02  242.00  8.97900E+18  8.400E+02  3.700E+02  5.000E-01  9.612E-02  1.480E+00
 2.50000E+02  230.00  7.87300E+18  4.900E+02  3.700E+02  9.000E-01  8.919E-02  1.470E+00
 2.00000E+02  221.16  6.55000E+18  1.400E+02  3.700E+02  1.800E+00  6.326E-02  1.455E+00
 1.50000E+02  211.00  5.14900E+18  5.800E+01  3.700E+02  2.400E+00  3.970E-02  1.430E+00
 1.35000E+02  209.38  4.67000E+18  4.600E+01  3.700E+02  2.800E+00  3.625E-02  1.421E+00
 1.15000E+02  208.00  4.00400E+18  3.300E+01  3.700E+02  3.200E+00  2.963E-02  1.404E+00
 1.00000E+02  207.16  3.49600E+18  1.700E+01  3.700E+02  3.600E+00  2.353E-02  1.387E+00
 8.50000E+01  210.35  2.92700E+18  1.200E+01  3.700E+02  4.200E+00  1.787E-02  1.362E+00
 7.00000E+01  214.16  2.36700E+18  1.000E+01  3.700E+02  4.800E+00  1.358E-02  1.318E+00
 6.00000E+01  215.99  2.01200E+18  9.500E+00  3.700E+02  5.400E+00  1.161E-02  1.271E+00
 5.00000E+01  218.16  1.66000E+18  9.000E+00  3.700E+02  6.000E+00  1.039E-02  1.201E+00
 3.00000E+01  221.16  9.82500E+17  8.500E+00  3.700E+02  9.000E+00  9.366E-03  9.758E-01
 2.50000E+01  223.18  8.11300E+17  8.000E+00  3.700E+02  1.000E+01  9.287E-03  9.165E-01
 2.00000E+01  225.66  6.41900E+17  8.000E+00  3.700E+02  1.100E+01  9.276E-03  8.741E-01
 1.50000E+01  230.97  4.70400E+17  8.000E+00  3.700E+02  1.150E+01  9.423E-03  8.404E-01
 1.00000E+01  238.46  3.03700E+17  8.000E+00  3.700E+02  1.200E+01  1.096E-02  7.766E-01
 7.00000E+00  244.46  2.07400E+17  8.000E+00  3.700E+02  1.180E+01  1.416E-02  6.961E-01
 5.00000E+00  247.26  1.46500E+17  8.000E+00  3.700E+02  1.150E+01  1.705E-02  6.139E-01
 4.00000E+00  251.54  1.15200E+17  8.000E+00  3.700E+02  1.050E+01  1.878E-02  5.581E-01
 3.00000E+00  257.06  8.45300E+16  8.000E+00  3.700E+02  9.500E+00  2.122E-02  4.864E-01
 2.00000E+00  266.86  5.42800E+16  8.000E+00  3.700E+02  8.400E+00  2.585E-02  3.917E-01
 1.50000E+00  268.19  4.05100E+16  8.000E+00  3.700E+02  7.200E+00  3.029E-02  3.188E-01
 1.00000E+00  270.06  2.68200E+16  8.000E+00  3.700E+02  6.000E+00  3.662E-02  2.236E-01
 5.00000E-01  270.46  1.33900E+16  8.000E+00  3.700E+02  4.000E+00  4.569E-02  1.505E-01
 2.00000E-01  256.56  5.64600E+15  7.500E+00  3.700E+02  1.700E+00  8.862E-02  1.330E-01
 1.00000E-01  246.73  2.93500E+15  7.000E+00  3.700E+02  1.200E+00  1.534E-01  1.311E-01
 5.22000E-02  233.33  1.62000E+15  6.500E+00  3.700E+02  7.000E-01  2.385E-01  1.317E-01
 1.05000E-02  212.33  3.58200E+14  6.000E+00  3.678E+02  6.000E-01  9.803E-01  1.339E-01
 1.84000E-03  200.63  6.64200E+13  5.500E+00  3.476E+02  1.200E+00  4.429E+00  1.247E-01
