! My profile #7, from [checked] H2O=4, and O3=jan50 
! I slightly modified the O3 near 2-1 mb. 
! Fake profiles below 1 mb for O3 and 100 mb for H2O 
! 
! This file last updated July 2000
'P'  43  5 
 1  2  3  5  6 
 45.0 0.0                                                                                 
 1.00000E+03  243.16  2.97900E+19  2.830E+02  3.700E+02  2.400E-02  1.283E-01  2.148E+00
 9.50000E+02  243.16  2.83000E+19  2.974E+02  3.700E+02  2.432E-02  1.264E-01  2.146E+00
 9.20000E+02  243.16  2.74000E+19  3.071E+02  3.700E+02  2.451E-02  1.251E-01  2.144E+00
 8.50000E+02  243.16  2.53200E+19  3.328E+02  3.700E+02  2.500E-02  1.214E-01  2.141E+00
 7.80000E+02  240.50  2.34900E+19  2.765E+02  3.700E+02  2.810E-02  1.167E-01  2.138E+00
 7.00000E+02  237.16  2.13800E+19  2.058E+02  3.700E+02  3.200E-02  1.103E-01  2.136E+00
 6.70000E+02  235.47  2.06100E+19  1.801E+02  3.700E+02  3.721E-02  1.076E-01  2.136E+00
 6.20000E+02  232.47  1.93200E+19  1.351E+02  3.700E+02  4.643E-02  1.029E-01  2.135E+00
 5.70000E+02  229.22  1.80100E+19  8.521E+01  3.700E+02  5.642E-02  9.776E-02  2.134E+00
 5.00000E+02  224.16  1.61600E+19  8.039E+00  3.700E+02  7.200E-02  9.015E-02  2.134E+00
 4.75000E+02  222.32  1.54700E+19  6.431E+00  3.700E+02  8.878E-02  8.737E-02  2.134E+00
 4.30000E+02  218.75  1.42400E+19  4.823E+00  3.700E+02  1.213E-01  8.236E-02  2.134E+00
 4.00000E+02  216.16  1.34000E+19  3.216E+00  3.700E+02  1.450E-01  7.909E-02  2.134E+00
 3.50000E+02  213.84  1.18500E+19  3.216E+00  3.700E+02  1.956E-01  7.393E-02  2.132E+00
 3.00000E+02  211.16  1.02900E+19  3.216E+00  3.700E+02  2.540E-01  6.896E-02  2.129E+00
 2.50000E+02  215.16  8.41600E+18  1.608E+00  3.700E+02  4.000E-01  6.362E-02  2.123E+00
 2.00000E+02  214.16  6.76400E+18  8.019E-01  3.700E+02  6.940E-01  5.688E-02  2.108E+00
 1.50000E+02  213.16  5.09700E+18  8.019E-01  3.700E+02  1.208E+00  4.702E-02  2.075E+00
 1.35000E+02  212.64  4.59800E+18  8.019E-01  3.700E+02  1.451E+00  4.310E-02  2.058E+00
 1.15000E+02  211.85  3.93200E+18  8.019E-01  3.700E+02  1.821E+00  3.667E-02  2.028E+00
 1.00000E+02  211.16  3.43000E+18  8.019E-01  3.700E+02  2.144E+00  2.947E-02  1.994E+00
 8.50000E+01  209.79  2.93500E+18  8.019E-01  3.700E+02  2.694E+00  2.068E-02  1.948E+00
 7.00000E+01  208.16  2.43600E+18  8.019E-01  3.700E+02  3.351E+00  1.591E-02  1.882E+00
 6.00000E+01  206.33  2.10600E+18  8.019E-01  3.700E+02  3.974E+00  1.467E-02  1.816E+00
 5.00000E+01  204.16  1.77400E+18  8.019E-01  3.700E+02  4.711E+00  1.334E-02  1.721E+00
 3.00000E+01  210.16  1.03400E+18  8.019E-01  3.700E+02  5.496E+00  1.183E-02  1.411E+00
 2.50000E+01  210.16  8.61600E+17  8.019E-01  3.700E+02  5.505E+00  1.220E-02  1.343E+00
 2.00000E+01  210.16  6.89300E+17  8.019E-01  3.700E+02  5.517E+00  1.283E-02  1.278E+00
 1.50000E+01  213.23  5.09500E+17  8.019E-01  3.700E+02  5.119E+00  1.353E-02  1.194E+00
 1.00000E+01  217.56  3.32900E+17  8.019E-01  3.700E+02  4.559E+00  1.467E-02  1.083E+00
 7.00000E+00  218.56  2.32000E+17  8.019E-01  3.700E+02  3.580E+00  1.620E-02  9.979E-01
 5.00000E+00  226.46  1.59900E+17  8.019E-01  3.700E+02  2.657E+00  1.789E-02  8.974E-01
 4.00000E+00  228.56  1.26800E+17  8.019E-01  3.700E+02  2.503E+00  1.898E-02  8.172E-01
 3.00000E+00  231.26  9.39600E+16  8.019E-01  3.700E+02  2.303E+00  2.029E-02  7.254E-01
 2.00000E+00  232.06  6.24200E+16  8.019E-01  3.700E+02  2.230E+00  2.219E-02  5.845E-01
 1.50000E+00  238.53  4.55500E+16  8.019E-01  3.700E+02  2.123E+00  2.376E-02  4.602E-01
 1.00000E+00  247.66  2.92400E+16  8.019E-01  3.700E+02  2.023E+00  2.674E-02  3.208E-01
 5.00000E-01  256.36  1.41300E+16  8.019E-01  3.700E+02  1.234E+00  3.636E-02  2.234E-01
 2.00000E-01  255.64  5.66600E+15  8.019E-01  3.700E+02  6.057E-01  7.706E-02  1.876E-01
 1.00000E-01  252.55  2.86800E+15  8.019E-01  3.700E+02  3.775E-01  1.285E-01  1.856E-01
 5.22000E-02  239.15  1.58100E+15  8.019E-01  3.700E+02  1.734E-01  1.992E-01  1.860E-01
 1.05000E-02  218.15  3.48600E+14  8.019E-01  3.678E+02  1.734E-01  1.844E+00  1.906E-01
 1.84000E-03  206.45  6.45500E+13  8.019E-01  3.476E+02  4.046E-01  8.588E+00  1.806E-01
