! My profile #8, from [checked] H2O=7, and O3=jan70 
! I slightly modified the O3 near 2-1 mb 
! Fake profiles below 1 mb for O3 and 100 mb for H2O 
! 
! This file last updated July 2000
'P'  43  5 
 1  2  3  5  6 
 45.0 0.0                                                                                 
 1.00000E+03  240.16  3.01600E+19  7.396E+01  3.700E+02  2.400E-02  9.426E-02  1.974E+00
 9.50000E+02  241.74  2.84600E+19  9.325E+01  3.700E+02  2.400E-02  9.518E-02  1.976E+00
 9.20000E+02  242.73  2.74500E+19  1.061E+02  3.700E+02  2.400E-02  9.656E-02  1.978E+00
 8.50000E+02  245.16  2.51100E+19  1.479E+02  3.700E+02  2.400E-02  1.021E-01  1.981E+00
 7.80000E+02  245.16  2.30400E+19  2.347E+02  3.700E+02  2.489E-02  1.109E-01  1.985E+00
 7.00000E+02  245.16  2.06800E+19  3.441E+02  3.700E+02  2.600E-02  1.240E-01  1.991E+00
 6.70000E+02  243.34  1.99400E+19  3.135E+02  3.700E+02  3.342E-02  1.291E-01  1.993E+00
 6.20000E+02  240.11  1.87000E+19  2.572E+02  3.700E+02  4.656E-02  1.366E-01  1.996E+00
 5.70000E+02  236.61  1.74500E+19  1.978E+02  3.700E+02  6.080E-02  1.408E-01  1.999E+00
 5.00000E+02  231.16  1.56700E+19  1.045E+02  3.700E+02  8.300E-02  1.411E-01  2.003E+00
 4.75000E+02  229.32  1.50000E+19  9.486E+01  3.700E+02  1.074E-01  1.403E-01  2.004E+00
 4.30000E+02  225.75  1.38000E+19  7.396E+01  3.700E+02  1.547E-01  1.393E-01  2.006E+00
 4.00000E+02  223.16  1.29800E+19  5.949E+01  3.700E+02  1.890E-01  1.400E-01  2.006E+00
 3.50000E+02  219.91  1.15300E+19  3.376E+01  3.700E+02  2.749E-01  1.421E-01  2.004E+00
 3.00000E+02  216.16  1.00500E+19  4.823E+00  3.700E+02  3.740E-01  1.346E-01  1.997E+00
 2.50000E+02  216.16  8.37700E+18  3.216E+00  3.700E+02  6.410E-01  1.048E-01  1.982E+00
 2.00000E+02  213.16  6.79600E+18  1.608E+00  3.700E+02  1.178E+00  8.194E-02  1.950E+00
 1.50000E+02  211.16  5.14500E+18  8.019E-01  3.700E+02  1.902E+00  6.473E-02  1.890E+00
 1.35000E+02  209.60  4.66500E+18  8.400E-01  3.700E+02  2.145E+00  5.807E-02  1.864E+00
 1.15000E+02  207.23  4.01900E+18  8.600E-01  3.700E+02  2.515E+00  4.640E-02  1.823E+00
 1.00000E+02  205.16  3.53000E+18  8.200E-01  3.700E+02  2.838E+00  3.522E-02  1.788E+00
 8.50000E+01  203.34  3.02800E+18  9.700E-01  3.700E+02  3.196E+00  2.569E-02  1.748E+00
 7.00000E+01  201.16  2.52000E+18  1.100E+00  3.700E+02  3.623E+00  1.874E-02  1.695E+00
 6.00000E+01  201.16  2.16000E+18  1.000E+00  3.700E+02  3.941E+00  1.544E-02  1.641E+00
 5.00000E+01  201.16  1.80000E+18  8.800E-01  3.700E+02  4.318E+00  1.327E-02  1.560E+00
 3.00000E+01  211.16  1.02900E+18  8.500E-01  3.700E+02  4.084E+00  1.344E-02  1.318E+00
 2.50000E+01  214.76  8.43100E+17  8.900E-01  3.700E+02  3.996E+00  1.492E-02  1.254E+00
 2.00000E+01  219.16  6.61000E+17  1.000E+00  3.700E+02  3.889E+00  1.696E-02  1.187E+00
 1.50000E+01  233.02  4.66200E+17  1.000E+00  3.700E+02  3.500E+00  1.885E-02  1.114E+00
 1.00000E+01  252.56  2.86800E+17  9.000E-01  3.700E+02  2.952E+00  2.054E-02  1.013E+00
 7.00000E+00  272.46  1.86100E+17  9.200E-01  3.700E+02  2.330E+00  2.185E-02  9.240E-01
 5.00000E+00  275.86  1.31300E+17  1.000E+00  3.700E+02  1.744E+00  2.236E-02  8.295E-01
 4.00000E+00  279.09  1.03800E+17  1.000E+00  3.700E+02  1.646E+00  2.205E-02  7.534E-01
 3.00000E+00  282.16  7.70100E+16  1.000E+00  3.700E+02  1.520E+00  2.151E-02  6.503E-01
 2.00000E+00  278.96  5.19300E+16  1.100E+00  3.700E+02  1.450E+00  2.230E-02  5.161E-01
 1.50000E+00  275.70  3.94100E+16  1.100E+00  3.700E+02  1.390E+00  2.521E-02  4.195E-01
 1.00000E+00  273.16  2.65100E+16  1.000E+00  3.700E+02  1.342E+00  3.349E-02  2.940E-01
 5.00000E-01  263.44  1.37500E+16  9.700E-01  3.700E+02  8.189E-01  6.384E-02  2.001E-01
 2.00000E-01  241.36  6.00200E+15  9.500E-01  3.700E+02  4.018E-01  1.874E-01  1.753E-01
 1.00000E-01  225.60  3.21000E+15  9.200E-01  3.700E+02  2.504E-01  3.201E-01  1.685E-01
 5.22000E-02  212.20  1.78200E+15  9.700E-01  3.700E+02  1.150E-01  4.662E-01  1.700E-01
 1.05000E-02  191.20  3.97700E+14  1.100E+00  3.678E+02  1.150E-01  1.143E+00  1.782E-01
 1.84000E-03  179.50  7.42400E+13  9.700E-01  3.476E+02  2.684E-01  5.843E+00  1.679E-01
