! My profile #9, from [checked] H2O=101, and O3=jil60 
! I slightly modified the O3 near 2-1 mb. 
! Fake profiles below 1 mb for O3 and 100 mb for H2O 
! 
! This file last updated July 2000
'P'  43  5 
 1  2  3  5  6 
 45.0 0.0                                                                                 
 1.00000E+03  252.16  2.87200E+19  8.586E+02  3.700E+02  3.600E-02  1.900E-01  1.608E+00
 9.50000E+02  250.90  2.74200E+19  8.007E+02  3.700E+02  3.632E-02  1.766E-01  1.614E+00
 9.20000E+02  250.11  2.66400E+19  7.637E+02  3.700E+02  3.651E-02  1.664E-01  1.617E+00
 8.50000E+02  248.16  2.48100E+19  6.801E+02  3.700E+02  3.700E-02  1.416E-01  1.624E+00
 7.80000E+02  242.41  2.33000E+19  4.454E+02  3.700E+02  4.143E-02  1.232E-01  1.631E+00
 7.00000E+02  235.16  2.15600E+19  1.881E+02  3.700E+02  4.700E-02  1.121E-01  1.636E+00
 6.70000E+02  233.99  2.07400E+19  1.672E+02  3.700E+02  5.273E-02  1.089E-01  1.638E+00
 6.20000E+02  231.91  1.93600E+19  1.302E+02  3.700E+02  6.287E-02  1.028E-01  1.639E+00
 5.70000E+02  229.66  1.79800E+19  9.004E+01  3.700E+02  7.387E-02  9.747E-02  1.640E+00
 5.00000E+02  226.16  1.60100E+19  2.733E+01  3.700E+02  9.100E-02  9.509E-02  1.640E+00
 4.75000E+02  224.09  1.53500E+19  2.251E+01  3.700E+02  1.048E-01  9.544E-02  1.639E+00
 4.30000E+02  220.08  1.41500E+19  1.286E+01  3.700E+02  1.315E-01  9.566E-02  1.636E+00
 4.00000E+02  217.16  1.33400E+19  4.823E+00  3.700E+02  1.510E-01  9.380E-02  1.634E+00
 3.50000E+02  217.16  1.16700E+19  4.823E+00  3.700E+02  1.983E-01  8.194E-02  1.626E+00
 3.00000E+02  217.16  1.00100E+19  6.431E+00  3.700E+02  2.530E-01  6.268E-02  1.617E+00
 2.50000E+02  217.16  8.33800E+18  3.216E+00  3.700E+02  3.980E-01  5.404E-02  1.604E+00
 2.00000E+02  217.16  6.67000E+18  1.608E+00  3.700E+02  6.940E-01  5.172E-02  1.587E+00
 1.50000E+02  217.16  5.00300E+18  8.019E-01  3.700E+02  1.177E+00  4.348E-02  1.565E+00
 1.35000E+02  217.16  4.50300E+18  8.900E-01  3.700E+02  1.373E+00  4.001E-02  1.558E+00
 1.15000E+02  217.16  3.83500E+18  9.400E-01  3.700E+02  1.672E+00  3.566E-02  1.545E+00
 1.00000E+02  217.16  3.33500E+18  9.000E-01  3.700E+02  1.932E+00  3.034E-02  1.531E+00
 8.50000E+01  217.16  2.83500E+18  8.500E-01  3.700E+02  2.235E+00  2.184E-02  1.505E+00
 7.00000E+01  217.16  2.33500E+18  8.100E-01  3.700E+02  2.597E+00  1.705E-02  1.456E+00
 6.00000E+01  213.04  2.04000E+18  8.600E-01  3.700E+02  2.846E+00  1.597E-02  1.400E+00
 5.00000E+01  208.16  1.74000E+18  8.700E-01  3.700E+02  3.140E+00  1.496E-02  1.315E+00
 3.00000E+01  208.16  1.04400E+18  8.300E-01  3.700E+02  3.866E+00  1.165E-02  1.085E+00
 2.50000E+01  208.16  8.69900E+17  8.200E-01  3.700E+02  3.917E+00  1.112E-02  1.033E+00
 2.00000E+01  208.16  6.95900E+17  8.900E-01  3.700E+02  3.979E+00  1.038E-02  9.841E-01
 1.50000E+01  209.57  5.18400E+17  9.300E-01  3.700E+02  3.755E+00  1.034E-02  9.295E-01
 1.00000E+01  211.56  3.42300E+17  9.800E-01  3.700E+02  3.439E+00  1.767E-02  8.418E-01
 7.00000E+00  215.46  2.35300E+17  9.700E-01  3.700E+02  2.709E+00  2.734E-02  7.552E-01
 5.00000E+00  219.46  1.65000E+17  8.500E-01  3.700E+02  2.020E+00  3.166E-02  6.708E-01
 4.00000E+00  222.43  1.30200E+17  9.300E-01  3.700E+02  1.905E+00  3.513E-02  6.139E-01
 3.00000E+00  226.26  9.60300E+16  1.100E+00  3.700E+02  1.756E+00  3.954E-02  5.398E-01
 2.00000E+00  236.06  6.13600E+16  1.000E+00  3.700E+02  1.647E+00  4.296E-02  4.298E-01
 1.50000E+00  240.46  4.51800E+16  9.700E-01  3.700E+02  1.600E+00  4.344E-02  3.466E-01
 1.00000E+00  246.66  2.93600E+16  1.000E+00  3.700E+02  1.547E+00  4.664E-02  2.473E-01
 5.00000E-01  251.56  1.44000E+16  1.000E+00  3.700E+02  9.438E-01  6.639E-02  1.681E-01
 2.00000E-01  243.11  5.95800E+15  1.000E+00  3.700E+02  4.632E-01  9.991E-02  1.469E-01
 1.00000E-01  238.63  3.03500E+15  1.000E+00  3.700E+02  2.887E-01  2.418E-01  1.409E-01
 5.22000E-02  225.23  1.67900E+15  1.000E+00  3.700E+02  1.326E-01  3.436E-01  1.384E-01
 1.05000E-02  204.23  3.72400E+14  9.400E-01  3.678E+02  1.326E-01  1.381E+00  1.437E-01
 1.84000E-03  192.53  6.92200E+13  8.800E-01  3.476E+02  3.094E-01  7.969E+00  1.400E-01
