! MODEL 6 : US STANDARD
! CO2 mixing ratio is AFGL value scaled by 370/330
! CH4 mixing ratio is AFGL value scaled by 1.8/1.7
!
'P'   50  5
 1  2  3  5  6
 45.5397  0.0
 1.01300E+03  288.20  2.54800E+19  7.745E+03  3.700E+02  2.660E-02  1.500E-01  1.800E+00
 8.98800E+02  281.70  2.31300E+19  6.071E+03  3.700E+02  2.931E-02  1.450E-01  1.800E+00
 7.95000E+02  275.20  2.09400E+19  4.631E+03  3.700E+02  3.237E-02  1.399E-01  1.800E+00
 7.01200E+02  268.70  1.89100E+19  3.182E+03  3.700E+02  3.318E-02  1.349E-01  1.800E+00
 6.16600E+02  262.20  1.70400E+19  2.158E+03  3.700E+02  3.387E-02  1.312E-01  1.800E+00
 5.40500E+02  255.70  1.53200E+19  1.397E+03  3.700E+02  3.768E-02  1.303E-01  1.800E+00
 4.72200E+02  249.20  1.37300E+19  9.254E+02  3.700E+02  4.112E-02  1.288E-01  1.800E+00
 4.11100E+02  242.70  1.22800E+19  5.720E+02  3.700E+02  5.009E-02  1.247E-01  1.798E+00
 3.56500E+02  236.20  1.09400E+19  3.667E+02  3.700E+02  5.966E-02  1.185E-01  1.796E+00
 3.08000E+02  229.70  9.71900E+18  1.583E+02  3.700E+02  9.168E-02  1.094E-01  1.792E+00
 2.65000E+02  223.30  8.60200E+18  6.996E+01  3.700E+02  1.313E-01  9.962E-02  1.784E+00
 2.27000E+02  216.80  7.58900E+18  3.613E+01  3.700E+02  2.149E-01  8.964E-02  1.773E+00
 1.94000E+02  216.70  6.48900E+18  1.906E+01  3.700E+02  3.095E-01  7.814E-02  1.759E+00
 1.65800E+02  216.70  5.54600E+18  1.085E+01  3.700E+02  3.846E-01  6.374E-02  1.741E+00
 1.41700E+02  216.70  4.73900E+18  5.927E+00  3.700E+02  5.030E-01  5.025E-02  1.721E+00
 1.21100E+02  216.70  4.05000E+18  5.000E+00  3.700E+02  6.505E-01  3.941E-02  1.699E+00
 1.03500E+02  216.70  3.46200E+18  3.950E+00  3.700E+02  8.701E-01  3.069E-02  1.675E+00
 8.85000E+01  216.70  2.96000E+18  3.850E+00  3.700E+02  1.187E+00  2.489E-02  1.644E+00
 7.56500E+01  216.70  2.53000E+18  3.825E+00  3.700E+02  1.587E+00  1.966E-02  1.610E+00
 6.46700E+01  216.70  2.16300E+18  3.850E+00  3.700E+02  2.030E+00  1.549E-02  1.567E+00
 5.52900E+01  216.70  1.84900E+18  3.900E+00  3.700E+02  2.579E+00  1.331E-02  1.507E+00
 4.72900E+01  217.60  1.57500E+18  3.975E+00  3.700E+02  3.028E+00  1.232E-02  1.434E+00
 4.04700E+01  218.60  1.34200E+18  4.065E+00  3.700E+02  3.647E+00  1.232E-02  1.346E+00
 3.46700E+01  219.60  1.14400E+18  4.200E+00  3.700E+02  4.168E+00  1.307E-02  1.261E+00
 2.97200E+01  220.60  9.76500E+17  4.300E+00  3.700E+02  4.627E+00  1.400E-02  1.183E+00
 2.54900E+01  221.60  8.33700E+17  4.425E+00  3.700E+02  5.118E+00  1.498E-02  1.117E+00
 1.74300E+01  224.00  5.64000E+17  4.575E+00  3.700E+02  5.803E+00  1.598E-02  1.045E+00
 1.19700E+01  226.50  3.83000E+17  4.725E+00  3.700E+02  6.553E+00  1.710E-02  9.673E-01
 8.01000E+00  230.00  2.52400E+17  4.825E+00  3.700E+02  7.373E+00  1.850E-02  8.788E-01
 5.74600E+00  236.50  1.76100E+17  4.900E+00  3.700E+02  7.837E+00  2.009E-02  7.898E-01
 4.15000E+00  242.90  1.23800E+17  4.950E+00  3.700E+02  7.800E+00  2.220E-02  7.007E-01
 2.87100E+00  250.40  8.31000E+16  5.025E+00  3.700E+02  7.300E+00  2.497E-02  5.969E-01
 2.06000E+00  257.30  5.80300E+16  5.150E+00  3.700E+02  6.200E+00  2.824E-02  4.885E-01
 1.49100E+00  264.20  4.09000E+16  5.225E+00  3.700E+02  5.250E+00  3.241E-02  3.844E-01
 1.09000E+00  270.60  2.92000E+16  5.250E+00  3.700E+02  4.100E+00  3.717E-02  2.936E-01
 7.97800E-01  270.70  2.13600E+16  5.225E+00  3.700E+02  3.100E+00  4.597E-02  2.223E-01
 4.25000E-01  260.80  1.18100E+16  5.100E+00  3.700E+02  1.800E+00  6.639E-02  1.747E-01
 2.19000E-01  247.00  6.42600E+15  4.750E+00  3.700E+02  1.100E+00  1.073E-01  1.588E-01
 1.09000E-01  233.30  3.38600E+15  4.200E+00  3.700E+02  7.000E-01  1.862E-01  1.588E-01
 5.22000E-02  219.60  1.72300E+15  3.500E+00  3.700E+02  3.000E-01  3.059E-01  1.588E-01
 2.40000E-02  208.40  8.34700E+14  2.825E+00  3.700E+02  2.500E-01  6.375E-01  1.588E-01
 1.05000E-02  198.60  3.83200E+14  2.050E+00  3.677E+02  3.000E-01  1.497E+00  1.588E-01
 4.46000E-03  188.90  1.71100E+14  1.330E+00  3.587E+02  5.000E-01  3.239E+00  1.588E-01
 1.84000E-03  186.90  7.13600E+13  8.500E-01  3.475E+02  7.000E-01  5.843E+00  1.482E-01
 7.60000E-04  188.40  2.92400E+13  5.400E-01  3.027E+02  7.000E-01  1.013E+01  1.376E-01
 3.20000E-04  195.10  1.18900E+13  4.000E-01  2.186E+02  4.000E-01  1.692E+01  1.270E-01
 1.45000E-04  208.80  5.03300E+12  3.400E-01  1.233E+02  2.000E-01  2.467E+01  1.164E-01
 7.10000E-05  240.00  2.14400E+12  2.800E-01  6.727E+01  5.000E-02  3.356E+01  1.005E-01
 4.01000E-05  300.00  9.68800E+11  2.400E-01  4.484E+01  5.000E-03  4.148E+01  6.352E-02
 2.54000E-05  360.00  5.11400E+11  2.000E-01  3.924E+01  5.000E-04  5.000E+01  3.176E-02
